-0.005508	0.03918800000000001	0.9994239999999998
-0.0021880000000000003	0.040819999999999995	0.9968
-0.0030120000000000004	0.041288	0.999456
-0.0022	0.042780000000000006	1.0029479999999997
-0.004656	0.039204	1.0025
-0.0019000000000000006	0.03988	0.999608
-0.002872	0.041356000000000004	0.9998119999999999
-0.00438	0.036684	1.0023000000000002
-0.0014279999999999998	0.041908	1.0058399999999998
-0.002072	0.041895999999999996	1.0008759999999999
-0.003908	0.03993599999999999	1.0056400000000003
-0.00018799999999999983	0.039276000000000005	1.0005
-0.002068	0.042640000000000004	1.004688
0.0010919999999999997	0.07657200000000002	0.9915639999999999
-0.0034560000000000003	0.07396799999999999	0.9968359999999998
0.0013839999999999996	0.0774	0.9967999999999998
0.00017999999999999977	0.07736799999999999	0.9957280000000001
0.000228	0.0782	0.995896
0.00033599999999999976	0.07668000000000001	0.9981079999999999
0.00092	0.07514799999999998	0.995904
0.003948	0.122212	0.9899360000000001
-3.1999999999999775e-05	0.11884	0.990704
-0.00138	0.11848800000000001	0.9915679999999999
0.0004319999999999999	0.120328	0.9933960000000001
-9.999999999999979e-05	0.11819199999999999	0.9916159999999998
0.002236	0.12072799999999997	0.9915599999999999
0.0020280000000000003	0.119416	0.9882040000000002
0.0026040000000000004	0.12247999999999999	0.9887839999999999
-0.0005	0.118888	0.991896
0.0026720000000000003	0.120392	0.9896919999999999
0.006291999999999999	0.16000000000000003	0.9835839999999999
0.005132000000000001	0.16128400000000004	0.983296
0.004880000000000001	0.15942	0.987124
0.0032840000000000005	0.159652	0.98226
0.0057399999999999994	0.160736	0.9817559999999999
-0.002432	0.15836000000000003	0.9871080000000001
0.0029640000000000005	0.161968	0.9862600000000004
0.0020480000000000003	0.15946800000000003	0.9869760000000001
0.009155999999999997	0.199528	0.980016
0.003936	0.20129200000000005	0.9763240000000002
-0.0027960000000000003	0.20127200000000006	0.972692
0.003724	0.201236	0.9729360000000001
0.0048200000000000005	0.19991599999999998	0.9767239999999999
0.006131999999999999	0.20077199999999998	0.9744999999999997
0.007971999999999998	0.202192	0.9744999999999999
0.006412	0.19932000000000002	0.9779719999999997
0.0064080000000000005	0.20171999999999998	0.9773160000000002
0.004244000000000001	0.1992	0.9778199999999999
0.005912000000000001	0.19877200000000003	0.9711719999999998
0.009119999999999998	0.274572	0.9549999999999998
0.010959999999999996	0.27553199999999994	0.953
0.009476	0.27790400000000004	0.9567599999999997
0.008807999999999998	0.275608	0.9533320000000002
0.008239999999999999	0.277436	0.9555800000000001
0.009616	0.2784559999999999	0.9536919999999999
0.009867999999999998	0.2785560000000001	0.9568040000000001
0.00756	0.27601200000000004	0.9552799999999999
0.011303999999999996	0.277592	0.953668
0.012579999999999996	0.27796400000000004	0.9543600000000002
0.009692	0.2771720000000001	0.9547559999999998
0.0068720000000000005	0.277536	0.9544600000000001
0.007647999999999999	0.273884	0.957284
0.0072759999999999995	0.27521600000000007	0.9598559999999999
0.00916	0.27635999999999994	0.9535399999999999
0.008879999999999997	0.276244	0.951872
0.009531999999999999	0.27831600000000006	0.95348
0.00478	0.30932000000000004	0.9460239999999999
0.005268	0.310492	0.9457800000000001
0.0046040000000000005	0.310972	0.9442119999999999
0.006111999999999999	0.30868799999999996	0.9439880000000003
0.008187999999999999	0.307996	0.943672
0.005451999999999999	0.31073999999999996	0.944536
0.006744	0.3109120000000001	0.944108
0.007272	0.310284	0.9456000000000002
0.006135999999999999	0.31101999999999996	0.9430680000000001
0.005248	0.30757600000000007	0.9437160000000001
0.007819999999999999	0.308496	0.940744
0.0041600000000000005	0.30929200000000007	0.9433799999999998
0.00468	0.346964	0.929864
0.006815999999999997	0.3465560000000001	0.92758
0.006724	0.346996	0.9305680000000001
0.006032000000000001	0.3473399999999999	0.9307040000000001
0.005600000000000001	0.348016	0.931196
0.006088	0.347588	0.9295040000000001
0.008303999999999999	0.34779999999999994	0.9299839999999999
0.007411999999999999	0.34836400000000006	0.9302720000000001
0.006744	0.349436	0.9304520000000001
0.00628	0.34831999999999996	0.9290120000000001
0.013139999999999994	0.383596	0.913044
0.013748	0.3862440000000001	0.9134719999999998
0.0052840000000000005	0.38929600000000003	0.9129360000000001
0.012407999999999997	0.38679600000000003	0.9131240000000003
0.012367999999999997	0.38804	0.9118119999999998
0.013671999999999997	0.38720800000000005	0.913932
0.015024000000000003	0.385628	0.9140719999999999
0.017515999999999993	0.38733599999999996	0.915348
0.008028	0.39115599999999995	0.9122199999999999
0.009852	0.38898000000000005	0.910572
0.011247999999999998	0.388348	0.9118800000000001
0.017304	0.41496399999999994	0.9006079999999999
0.016292	0.41343199999999997	0.901248
0.013359999999999997	0.41490399999999994	0.9002479999999999
0.016012	0.41407199999999994	0.8999360000000002
0.016272	0.414332	0.9006279999999998
0.016116	0.41511200000000004	0.8987279999999999
0.012907999999999998	0.41403999999999996	0.8994639999999999
0.017384	0.41146800000000006	0.8985879999999998
0.014776000000000001	0.4152159999999999	0.9033600000000002
0.01756	0.41395199999999993	0.9022759999999999
0.015084000000000002	0.41334000000000004	0.9005
0.015784	0.474064	0.867752
0.016064000000000002	0.4769279999999999	0.86682
0.01576	0.47734800000000005	0.8700599999999998
0.020624000000000003	0.47436400000000006	0.8714680000000001
0.014327999999999999	0.47585599999999983	0.865468
0.0139	0.477284	0.8659399999999999
0.016052	0.4760839999999999	0.8649080000000002
0.016572000000000003	0.4781240000000001	0.8635640000000002
0.014392	0.476952	0.8673479999999998
0.017596000000000004	0.47289999999999993	0.8666640000000002
0.017060000000000002	0.476708	0.8694320000000001
0.017179999999999997	0.47509999999999997	0.8668279999999997
0.015211999999999998	0.4752240000000001	0.866276
0.023624	0.5055839999999999	0.8492359999999999
0.0265	0.505236	0.848208
0.022536	0.5039960000000001	0.8457479999999999
0.025255999999999997	0.5048799999999999	0.8467599999999998
0.024859999999999993	0.5055680000000001	0.8485280000000001
0.025171999999999993	0.504296	0.8455040000000001
0.024148	0.50418	0.848772
0.023687999999999994	0.503796	0.8487159999999999
0.023419999999999996	0.5043880000000001	0.8500759999999999
0.022959999999999998	0.5051760000000001	0.8501159999999999
0.023787999999999997	0.503428	0.848404
0.024607999999999998	0.504216	0.8485039999999999
0.024728	0.504316	0.847564
0.024588000000000006	0.5076640000000001	0.8502840000000002
0.024131999999999994	0.504888	0.8490800000000002
0.024372	0.5053759999999999	0.849536
0.023808000000000003	0.5060319999999998	0.8482719999999999
0.027316000000000003	0.544468	0.8258520000000001
0.028224	0.5425359999999999	0.8243319999999998
0.026976	0.541836	0.8242480000000001
0.028319999999999998	0.5432799999999999	0.8227480000000001
0.027044	0.5399280000000001	0.8268
0.027616	0.5398359999999999	0.8239359999999998
0.026523999999999995	0.5412119999999999	0.8248799999999998
0.028656000000000004	0.54256	0.8259799999999999
0.027623999999999996	0.540652	0.8235640000000001
0.028472	0.5382200000000001	0.8239519999999999
0.028575999999999994	0.5417959999999999	0.822392
0.027847999999999998	0.542336	0.8248599999999999
0.02726	0.53988	0.8258599999999998
0.028483999999999995	0.5394680000000002	0.8211240000000001
0.027127999999999996	0.539764	0.826076
0.026656	0.5390799999999999	0.822384
0.027923999999999997	0.5392199999999999	0.8241
0.027559999999999998	0.5415000000000001	0.8244119999999999
0.02983599999999999	0.5704680000000001	0.804784
0.030056000000000003	0.571604	0.803528
0.030364	0.571704	0.8003359999999999
0.029920000000000006	0.5715880000000001	0.802736
0.030843999999999996	0.5732039999999999	0.7963080000000001
0.032244	0.5721560000000001	0.7999679999999999
0.030864000000000006	0.5712680000000002	0.8008640000000002
0.03008	0.5704	0.80034
0.029984000000000007	0.57004	0.80384
0.029916	0.5705840000000001	0.8036280000000003
0.031192	0.5712839999999999	0.8012800000000001
0.029588000000000007	0.5730640000000001	0.8050119999999998
0.031352	0.572564	0.80084
0.030004	0.571696	0.8036080000000001
0.028276	0.6073480000000001	0.774072
0.03193599999999999	0.607748	0.777264
0.030488000000000005	0.608992	0.7747799999999999
0.027676	0.6061840000000001	0.774296
0.029736000000000002	0.608348	0.776316
0.029124000000000004	0.607756	0.7729640000000001
0.030156000000000002	0.607936	0.7762479999999999
0.029172000000000003	0.609204	0.7761160000000001
0.027923999999999997	0.605028	0.775076
0.029072	0.608604	0.774768
0.029239999999999995	0.6063680000000001	0.7730360000000001
0.031448000000000004	0.60486	0.773452
0.029200000000000007	0.607772	0.7769280000000002
0.030567999999999998	0.606336	0.7759440000000001
0.031179999999999996	0.6061280000000001	0.7751640000000001
0.032448000000000005	0.608256	0.7746119999999997
0.030704000000000006	0.607792	0.774096
0.036363999999999994	0.6708999999999999	0.724256
0.036184000000000015	0.6686960000000002	0.7218719999999998
0.035992	0.6699519999999999	0.7201520000000001
0.032408	0.670772	0.7195480000000002
0.0371	0.6706880000000001	0.7212679999999999
0.03526	0.6708159999999999	0.718956
0.036624	0.670552	0.720404
0.03248400000000001	0.6708359999999999	0.7168040000000001
0.038023999999999995	0.6680320000000001	0.7196360000000002
0.036664	0.6687000000000001	0.7221240000000002
0.03264799999999999	0.6706800000000002	0.7170000000000001
0.032692	0.6705640000000002	0.7173479999999999
0.0348	0.670404	0.719128
0.033204	0.669672	0.7190880000000002
0.035432	0.671172	0.7206520000000001
0.034208	0.6703680000000002	0.7161720000000001
0.034159999999999996	0.6693719999999999	0.7182559999999998
0.03481599999999999	0.668092	0.716552
0.030352	0.672112	0.7146680000000002
0.032688	0.6702400000000001	0.717728
0.034792000000000003	0.6705279999999999	0.7208519999999997
0.03548	0.671324	0.7211760000000002
0.038944	0.670604	0.7212919999999999
0.03546799999999999	0.6709039999999998	0.7180639999999999
0.036191999999999995	0.6678800000000001	0.71836
0.036676	0.668516	0.7200760000000003
0.03532799999999999	0.666524	0.7175119999999999
0.032459999999999996	0.6685120000000001	0.7169279999999999
0.037108	0.669588	0.720008
0.03704800000000001	0.7261520000000001	0.661524
0.04161999999999999	0.725864	0.6595960000000001
0.037948	0.727096	0.6594999999999999
0.039304000000000006	0.7285759999999999	0.6611920000000001
0.039796000000000005	0.725368	0.6588560000000001
0.04016	0.72716	0.66018
0.03828000000000001	0.7258	0.6581840000000001
0.040763999999999995	0.72624	0.6602119999999999
0.039388	0.7295519999999999	0.6603279999999999
0.039276000000000005	0.7265719999999999	0.6600959999999999
0.038752	0.7289519999999999	0.6613119999999999
0.040144	0.7265599999999999	0.6603680000000002
0.038607999999999996	0.7273559999999999	0.6601279999999999
0.039468	0.729496	0.659944
0.03858	0.7249720000000001	0.660316
0.041440000000000005	0.723868	0.6600199999999999
0.04007200000000001	0.7271399999999999	0.658652
0.03967200000000001	0.7242600000000001	0.6576
0.03915600000000001	0.7286079999999999	0.6624439999999998
0.041912000000000005	0.764416	0.6140920000000001
0.04345600000000001	0.7637120000000001	0.6147799999999999
0.04119200000000001	0.7638280000000001	0.6163799999999998
0.043196000000000005	0.764276	0.6148039999999999
0.04226800000000001	0.7591359999999999	0.613456
0.041564000000000004	0.760936	0.6167400000000001
0.043276	0.763764	0.6119600000000001
0.043176000000000006	0.7610399999999999	0.6137480000000001
0.041296000000000006	0.7620560000000001	0.6148039999999999
0.04158000000000001	0.763592	0.617392
0.042623999999999995	0.764548	0.61422
0.04088	0.7624559999999999	0.6165959999999999
0.040592	0.761168	0.6193360000000001
0.043204	0.7599759999999998	0.6135519999999999
0.042772000000000004	0.7636999999999999	0.61382
0.044784000000000004	0.7989719999999998	0.5580120000000001
0.045672	0.8063200000000001	0.556524
0.045020000000000004	0.803724	0.555928
0.045180000000000005	0.803588	0.556848
0.04551200000000002	0.805176	0.5596840000000001
0.04531200000000001	0.8066040000000001	0.557156
0.047184	0.8050439999999999	0.560212
0.045115999999999996	0.805116	0.5549679999999999
0.04488400000000001	0.8031519999999999	0.5563400000000001
0.045748000000000004	0.8042400000000002	0.5606040000000001
0.04272	0.803768	0.5590040000000001
0.050040000000000015	0.885784	0.411528
0.054548000000000006	0.887092	0.40639600000000003
0.054863999999999996	0.8902560000000002	0.40818799999999994
0.052964000000000004	0.8878159999999999	0.40550799999999987
0.05170399999999999	0.888116	0.40804399999999996
0.05413999999999999	0.8900160000000001	0.410104
0.05560800000000001	0.8870960000000001	0.40556400000000004
0.05079600000000001	0.8860919999999999	0.40748399999999996
0.057359999999999994	0.890276	0.407356
0.051579999999999994	0.8890719999999998	0.407012
0.05088	0.8893960000000001	0.4035199999999999
0.05321999999999999	0.8887120000000001	0.4040639999999999
0.05	0.888508	0.405304
0.055984	0.8894000000000001	0.407768
0.057612000000000003	0.8887480000000001	0.40744
0.05236400000000001	0.889964	0.403572
0.05106	0.888456	0.40620399999999995
0.054651999999999985	0.8891919999999999	0.405664
0.057676	0.9378280000000001	0.280112
0.06097200000000002	0.9377399999999999	0.270664
0.055804	0.936976	0.27355999999999997
0.05886800000000001	0.9309760000000001	0.275024
0.057075999999999995	0.935312	0.27730399999999994
0.05388400000000001	0.9342960000000001	0.276952
0.059084000000000005	0.9361320000000001	0.277692
0.06138	0.9267759999999999	0.25922799999999996
0.054976	0.935268	0.279148
0.05589200000000001	0.9349760000000003	0.27730000000000005
0.058572	0.937028	0.275636
0.06158800000000001	0.959824	0.17974000000000004
0.06322	0.959652	0.174492
0.06236800000000001	0.9585839999999999	0.17830399999999996
0.060964	0.9599600000000001	0.176116
0.061996	0.9598039999999999	0.17533200000000002
0.05978799999999999	0.9597800000000001	0.17868799999999996
0.06739200000000001	0.9611359999999999	0.17814
0.06666399999999999	0.9762400000000001	0.04856
0.065312	0.9759680000000001	0.046135999999999996
0.06738799999999999	0.9761880000000001	0.050408
0.064528	0.97682	0.047904
0.06472	0.9751359999999998	0.04914400000000001
0.06325200000000003	0.974536	0.04349600000000001
0.065984	0.975916	0.04488400000000001
0.06581999999999999	0.9750719999999999	-0.079988
0.063716	0.9746680000000003	-0.08225599999999998
0.066564	0.9734600000000002	-0.081272
0.06516	0.97488	-0.084204
0.06498799999999999	0.9755280000000002	-0.08220799999999998
0.06114	0.9742240000000001	-0.08254
0.06402400000000001	0.975292	-0.07948
0.06606	0.976232	-0.08144400000000002
0.064484	0.976212	-0.08244
0.06547199999999999	0.974924	-0.07922000000000003
0.063324	0.965288	-0.18045599999999998
0.06491600000000002	0.9638279999999998	-0.18242400000000003
0.064092	0.96462	-0.18249999999999997
0.065824	0.962088	-0.18581999999999999
0.06662000000000001	0.9618280000000001	-0.18397199999999994
0.065496	0.964444	-0.18493199999999999
0.064176	0.9382360000000002	-0.302304
0.06608	0.9392919999999999	-0.29924
0.06412400000000001	0.936428	-0.30596
0.064892	0.9375719999999998	-0.29691599999999996
0.066656	0.936916	-0.297404
0.064724	0.9367959999999997	-0.30031599999999997
0.0641	0.939628	-0.30325599999999997
0.067456	0.93466	-0.29932000000000003
0.065564	0.9195639999999998	-0.36038800000000004
0.06505599999999999	0.9186120000000001	-0.356388
0.06523999999999998	0.9165000000000002	-0.35703200000000007
0.065544	0.9178640000000001	-0.361744
0.06655599999999998	0.9172	-0.357996
0.063512	0.9188759999999999	-0.36257999999999996
0.069588	0.876844	-0.46007600000000004
0.0665	0.8757680000000001	-0.465668
0.068272	0.874652	-0.46178
0.06748399999999999	0.8741560000000002	-0.462512
0.067716	0.8745359999999996	-0.463456
0.06828400000000001	0.8754759999999999	-0.46305999999999997
0.06656000000000001	0.8774959999999998	-0.4659960000000001
0.067016	0.8775039999999998	-0.46132400000000007
0.066956	0.8728719999999999	-0.46079599999999993
0.06732	0.8759560000000001	-0.4653319999999999
0.06662000000000001	0.8770920000000001	-0.464952
0.06509599999999997	0.773104	-0.634744
0.06188	0.775176	-0.626396
0.06252000000000002	0.778668	-0.6264559999999999
0.06201600000000001	0.774508	-0.6286919999999999
0.064668	0.7769760000000001	-0.62568
0.064756	0.7743960000000003	-0.625484
0.062708	0.7774399999999999	-0.6259800000000001
0.060936000000000004	0.7746000000000002	-0.627188
0.06053600000000001	0.7746320000000001	-0.625888
0.05806399999999999	0.7769840000000001	-0.6247760000000001
0.06196399999999999	0.7742520000000003	-0.6258
0.064652	0.7784360000000001	-0.627612
0.06244000000000002	0.7728640000000001	-0.628248
0.058983999999999995	0.77538	-0.6290960000000001
0.06076799999999999	0.774944	-0.627192
0.06309999999999999	0.775668	-0.6243159999999999
0.065384	0.7804400000000001	-0.6276800000000001
0.059836	0.7737799999999999	-0.628508
0.05273599999999999	0.653104	-0.7678840000000001
0.052719999999999996	0.6470679999999999	-0.7696279999999999
0.051671999999999996	0.65006	-0.7744920000000001
0.05224800000000001	0.6493320000000001	-0.7690640000000001
0.053767999999999996	0.64772	-0.7705719999999999
0.05098	0.6494719999999999	-0.7702519999999999
0.053084	0.649332	-0.768844
0.052315999999999994	0.6472960000000001	-0.770692
0.05291999999999999	0.6493199999999999	-0.7687080000000002
0.053119999999999994	0.6507160000000001	-0.769916
0.051755999999999996	0.646636	-0.767828
0.045899999999999996	0.5294239999999999	-0.8610400000000001
0.04947599999999999	0.529748	-0.8667519999999999
0.04703199999999999	0.529296	-0.8677320000000001
0.047388000000000007	0.527304	-0.8692959999999998
0.04467199999999999	0.5274439999999999	-0.8699199999999998
0.04687199999999999	0.5271440000000001	-0.86378
0.048415999999999994	0.52976	-0.8649199999999998
0.047364	0.530332	-0.8663520000000001
0.04574400000000001	0.526152	-0.86688
0.048723999999999996	0.527636	-0.863656
0.047151999999999986	0.5289600000000001	-0.8718280000000002
0.04843600000000001	0.52758	-0.8601639999999999
0.048772	0.528964	-0.866044
0.04768	0.5292080000000001	-0.8657320000000002
0.03978000000000001	0.40202400000000005	-0.9331879999999998
0.04086	0.39960000000000007	-0.9405440000000002
0.04177600000000001	0.39908399999999994	-0.9380360000000002
0.038528	0.39582400000000006	-0.9449400000000001
0.041412	0.4011799999999999	-0.9372480000000002
0.03258	0.24431999999999998	-0.9951280000000001
0.031212	0.24567999999999995	-0.9997119999999999
0.03242	0.24509599999999995	-0.995492
0.02955200000000001	0.246132	-0.9901759999999998
0.03199599999999999	0.245824	-0.9944279999999998
0.030715999999999993	0.245092	-0.995516
0.03234400000000001	0.24421200000000007	-0.9993679999999999
0.030592000000000005	0.24736799999999995	-0.9989960000000002
0.03109200000000001	0.24784000000000003	-0.9928159999999998
0.030336	0.24621599999999996	-0.998144
0.030155999999999995	0.24529200000000007	-0.9959040000000001
0.03017599999999999	0.247276	-0.996248
0.03046799999999999	0.24661999999999995	-0.9988520000000001
0.030024	0.24606799999999995	-0.9919120000000001
0.032832	0.243744	-0.9945200000000001
0.029220000000000006	0.24865600000000002	-0.9975440000000002
0.023548	0.09278799999999998	-1.0259840000000002
0.009904	-0.10205600000000001	-1.028128
0.00826	-0.10850399999999998	-1.03446
0.007907999999999998	-0.10760399999999999	-1.0334479999999997
0.00614	-0.23528400000000002	-1.0113480000000001
0.006848	-0.24246399999999999	-1.009112
0.003564000000000001	-0.24366799999999997	-1.0046920000000001
0.002576	-0.24552799999999997	-1.009616
-0.0056040000000000005	-0.36894800000000005	-0.9691000000000001
-0.005052000000000001	-0.37080799999999997	-0.972776
-0.008215999999999996	-0.37191600000000014	-0.97134
-0.008567999999999997	-0.374792	-0.9699440000000001
-0.018612	-0.5310719999999999	-0.8941000000000001
-0.018704000000000002	-0.5268560000000001	-0.8984200000000001
-0.019460000000000005	-0.530744	-0.8946480000000001
-0.017948	-0.5274120000000001	-0.8936359999999999
-0.026579999999999996	-0.630412	-0.8259439999999998
-0.026347999999999996	-0.6329	-0.8243560000000001
-0.024603999999999994	-0.63082	-0.8234360000000003
-0.026132	-0.63188	-0.8219559999999998
-0.025268	-0.632852	-0.8236479999999999
-0.03656000000000001	-0.7459	-0.72064
-0.036888000000000004	-0.7435600000000001	-0.723592
-0.03682	-0.7434200000000001	-0.7257359999999999
-0.03812	-0.7425440000000001	-0.722096
-0.03785600000000001	-0.7439840000000001	-0.7245999999999999
0.025108000000000002	-0.838428	-0.6086360000000001
0.028928000000000006	-0.8384119999999997	-0.6078720000000001
0.030228	-0.8395080000000001	-0.6069960000000001
0.028428000000000005	-0.8396719999999999	-0.6058040000000002
0.022624	-0.916336	-0.47935600000000017
0.022267999999999996	-0.9162360000000003	-0.4713400000000001
0.023231999999999996	-0.9170600000000002	-0.47632399999999997
0.02434	-0.9178200000000001	-0.47238
0.022636	-0.9188320000000003	-0.47604399999999997
0.020791999999999998	-0.9182560000000001	-0.4711480000000001
0.022647999999999998	-0.982384	-0.301192
0.024099999999999996	-0.9821680000000002	-0.301
0.023779999999999996	-0.9832759999999999	-0.30210800000000004
0.022659999999999996	-0.984096	-0.30328800000000006
0.022572000000000002	-0.984856	-0.301416
0.01982	-1.0032600000000003	-0.22338399999999997
0.019524	-1.0060599999999997	-0.22492800000000002
0.020280000000000006	-1.00614	-0.223024
0.019700000000000002	-1.0034799999999997	-0.219732
0.020191999999999998	-1.00298	-0.22285600000000003
-0.06297199999999999	-1.0215919999999998	-0.05539999999999999
-0.06594799999999999	-1.0214599999999998	-0.047228000000000006
-0.066548	-1.0214919999999996	-0.048224
-0.06767999999999999	-1.0218319999999999	-0.04588000000000001
-0.06789200000000001	-1.0245119999999999	-0.047632000000000015
-0.06711600000000001	-1.022852	-0.048508
-0.06007599999999999	-0.9819	0.267032
-0.058564000000000005	-0.9777000000000001	0.281284
-0.057772000000000004	-0.980568	0.27785199999999993
-0.058123999999999995	-0.9784560000000002	0.282704
-0.05908400000000001	-0.981224	0.278076
-0.058112000000000004	-0.9788760000000001	0.28035200000000005
-0.05814799999999999	-0.978812	0.280536
-0.05158399999999999	-0.8260960000000002	0.589024
-0.053579999999999996	-0.8246279999999999	0.5899719999999998
-0.053456000000000004	-0.8242880000000002	0.594264
-0.05210799999999999	-0.8266879999999999	0.5864360000000001
-0.052363999999999994	-0.8293199999999998	0.5889120000000001
-0.052479999999999985	-0.8278439999999999	0.586996
-0.05260000000000001	-0.827128	0.590728
-0.052927999999999996	-0.8256359999999999	0.5925479999999999
-0.05289599999999999	-0.8277159999999999	0.5911919999999999
-0.038475999999999996	-0.6558760000000001	0.771768
-0.04186	-0.6585080000000001	0.767896
-0.03858400000000001	-0.65224	0.7720720000000001
-0.04032799999999999	-0.654236	0.77298
-0.04066000000000001	-0.655868	0.7678519999999999
-0.04232000000000001	-0.6584439999999999	0.7699199999999999
-0.041232	-0.660264	0.7704759999999999
-0.038900000000000004	-0.6532479999999999	0.772164
-0.033283999999999994	-0.515412	0.8704080000000001
-0.029503999999999996	-0.516016	0.8734160000000002
-0.033219999999999986	-0.5170239999999999	0.8687760000000001
-0.033344	-0.5156679999999999	0.8668400000000002
-0.030428	-0.516108	0.872244
-0.015355999999999998	-0.26814000000000004	0.970432
-0.015780000000000002	-0.27399999999999997	0.9712120000000002
-0.016092	-0.27154	0.9682879999999998
-0.015223999999999998	-0.269132	0.9660360000000003
-0.01586	-0.272308	0.9677319999999999
-0.015784000000000003	-0.271368	0.9691520000000002
-0.015339999999999998	-0.268248	0.9682319999999999
-0.014327999999999999	-0.2667959999999999	0.9691199999999999
-0.0076599999999999975	-0.09530799999999998	1.002344
-0.0048200000000000005	-0.090976	0.9953759999999999
-0.006956	-0.09529199999999999	0.996776
-0.007067999999999998	-0.093916	0.997812
-0.007812	-0.09966399999999999	1.0009560000000002
-0.009139999999999999	-0.10447200000000001	1.0131759999999999
-0.006204	-0.09163600000000001	0.9962320000000001
-0.007399999999999999	0.073548	0.997872
-0.008444	0.07330799999999998	1.0005560000000002
-0.007132	0.070936	1.023552
-0.0058200000000000005	0.071512	1.0000559999999998
-0.007595999999999999	0.07456399999999999	0.996312
-0.0054719999999999994	0.125668	0.9905319999999999
-0.005616000000000001	0.12187599999999998	0.9987599999999999
-0.005680000000000001	0.124936	0.9953519999999998
-0.011876000000000003	0.11307199999999998	0.9797800000000001
-0.007703999999999999	0.18836799999999998	0.9813960000000002
-0.007175999999999999	0.185644	0.984928
-0.0054080000000000005	0.18750799999999998	0.9837039999999999
-0.009499999999999998	0.18776400000000001	0.9782520000000002
-0.004568000000000001	0.26561599999999996	0.960204
-0.0029439999999999987	0.263844	0.957772
-0.004136000000000001	0.262556	0.9643000000000002
-0.006499999999999999	0.26080400000000004	0.964056
-0.0053360000000000005	0.263236	0.9639120000000001
-0.0072759999999999995	0.261448	0.960256
-0.007691999999999999	0.261368	0.9656120000000001
-0.00536	0.262852	0.962452
-0.010395999999999999	0.25889599999999996	0.961816
-0.0035000000000000005	0.26280800000000004	0.9643199999999998
-0.009995999999999998	0.26126	0.96402
-0.004828000000000001	0.305448	0.9452359999999997
-0.006252000000000001	0.306596	0.945916
-0.005368	0.310808	0.9503360000000002
-0.006324	0.30592800000000003	0.945328
-0.007928	0.305044	0.9489440000000002
-0.0031439999999999997	0.3084	0.9479880000000002
-0.007931999999999996	0.307444	0.9460760000000001
-0.0032120000000000004	0.45175599999999994	0.8855
-0.002908	0.45157599999999987	0.8812760000000002
-0.004628	0.4537080000000001	0.8838839999999998
-0.005072	0.45122799999999996	0.8837799999999999
-0.001476	0.45412399999999997	0.884296
-0.0022480000000000004	0.45439599999999997	0.8864120000000003
-0.004968000000000001	0.45470800000000006	0.8816600000000001
-0.0032	0.4511320000000001	0.8819079999999998
-0.0016200000000000001	0.45482	0.885512
-0.002676	0.45248	0.8816800000000004
-0.0018320000000000003	0.5741240000000001	0.801284
-0.0023360000000000004	0.5745439999999999	0.8069759999999999
0.00019999999999999998	0.5741679999999999	0.8043120000000001
-0.0003960000000000001	0.574588	0.8017200000000001
-0.0021800000000000005	0.574248	0.8042479999999999
0.0019519999999999997	0.575444	0.8038120000000002
-0.0032600000000000003	0.5754440000000001	0.802672
0.0028840000000000003	0.669904	0.718832
0.006752	0.6786400000000001	0.720824
0.0036080000000000005	0.6786519999999999	0.7214160000000003
0.0005040000000000003	0.670364	0.72006
0.009583999999999997	0.6701719999999999	0.714572
0.00366	0.784952	0.5943600000000001
0.001716	0.7788279999999999	0.5930640000000001
0.004004000000000001	0.7788720000000001	0.593772
0.003992	0.781848	0.5967760000000001
0.005292	0.7793680000000001	0.59428
0.002712	0.7941759999999999	0.6112920000000001
0.007959999999999998	0.8634080000000002	0.46788799999999986
0.007732	0.8599279999999999	0.4636919999999998
0.006652000000000002	0.8613999999999998	0.46354799999999996
0.007088	0.8598800000000001	0.463208
0.005564	0.8628319999999998	0.46054800000000007
0.007979999999999998	0.8646919999999999	0.46280400000000005
0.009855999999999998	0.9105279999999998	0.352648
0.006447999999999999	0.913056	0.35239599999999993
0.008599999999999998	0.9138680000000001	0.35602799999999996
0.010247999999999997	0.9132680000000002	0.3540719999999999
0.009411999999999998	0.9547080000000001	0.21424800000000005
0.013163999999999995	0.9556639999999998	0.21349199999999996
0.006880000000000001	0.9544159999999999	0.21170799999999995
0.006992000000000001	0.9558599999999999	0.210532
0.007675999999999999	0.981728	-0.030880000000000005
0.008527999999999997	0.979776	-0.032167999999999995
0.010255999999999998	0.9816239999999999	-0.02746
0.011463999999999997	0.982048	-0.030136
0.011163999999999997	0.9806800000000001	-0.02863600000000001
0.010995999999999999	0.934312	-0.315936
0.012499999999999997	0.9351880000000001	-0.31699599999999994
0.012203999999999994	0.9348880000000002	-0.314384
0.018068	0.9325640000000003	-0.337392
0.011404	0.9344599999999998	-0.31554799999999994
0.008948	0.933444	-0.315728
0.010951999999999996	0.9329679999999998	-0.316404
0.010372	0.8703039999999999	-0.47206399999999993
0.008436	0.868296	-0.47523199999999993
0.010547999999999997	0.869752	-0.4740520000000001
0.011479999999999997	0.8676759999999999	-0.47861599999999993
0.008939999999999998	0.871336	-0.47425599999999996
0.009852	0.8705200000000001	-0.4730279999999999
0.009543999999999999	0.869804	-0.471472
0.009759999999999996	0.776692	-0.6264119999999999
0.0103	0.77724	-0.626132
0.009679999999999998	0.7776039999999999	-0.6241559999999999
0.00864	0.7743359999999998	-0.6270840000000001
0.009115999999999999	0.7747040000000003	-0.6262400000000001
0.010159999999999997	0.7757239999999999	-0.626016
0.008787999999999999	0.6761760000000001	-0.7431639999999998
0.008747999999999999	0.67584	-0.743352
0.0068959999999999985	0.67598	-0.7386159999999999
0.006916	0.6756679999999998	-0.741472
0.006604000000000001	0.6746079999999999	-0.7409319999999998
0.009047999999999999	0.6758199999999998	-0.7409599999999998
0.005044000000000001	0.5824759999999999	-0.819856
0.004164	0.5859800000000002	-0.820252
0.003724	0.581832	-0.8196479999999999
0.0064800000000000005	0.5833200000000001	-0.8180919999999999
0.004064000000000001	0.5855840000000001	-0.81978
0.0077519999999999985	0.580404	-0.821208
0.00528	0.38103599999999993	-0.9366200000000002
0.006091999999999999	0.37620399999999987	-0.9453440000000001
0.006548000000000001	0.37361200000000006	-0.9412880000000001
0.007232000000000001	0.3792000000000001	-0.949452
0.006248000000000001	0.37526799999999993	-0.9435720000000002
0.006979999999999999	0.3756439999999999	-0.9445239999999999
0.00726	0.3784	-0.9465600000000001
0.007807999999999998	0.24358000000000005	-0.9925200000000001
0.008535999999999998	0.23976800000000004	-0.9934319999999999
0.005600000000000001	0.244568	-0.9932319999999999
0.008631999999999999	0.24266	-0.9929280000000001
0.007207999999999999	0.245448	-0.9954199999999999
0.005368000000000001	0.24365600000000004	-0.9921760000000002
0.005476	0.012299999999999998	-1.0322439999999997
0.006324000000000001	0.006632	-1.0252559999999997
0.0054800000000000005	0.011056	-1.029448
0.005012000000000001	0.013451999999999995	-1.03102
0.0052840000000000005	0.009979999999999998	-1.0264960000000003
0.005004000000000001	-0.11136399999999998	-1.028372
0.005376	-0.11056399999999998	-1.024
0.007167999999999999	-0.110628	-1.0263
0.0037920000000000002	-0.11026	-1.0247199999999999
0.004568	-0.11109200000000001	-1.0271839999999997
0.0037360000000000006	-0.10898000000000002	-1.02572
0.0029960000000000004	-0.2930559999999999	-0.9872640000000001
0.00228	-0.290376	-0.9934640000000003
0.0036560000000000004	-0.290964	-0.992708
0.00018400000000000014	-0.29259999999999997	-0.991112
0.0015080000000000002	-0.29364399999999996	-0.9960199999999999
0.0013520000000000003	-0.29362799999999994	-0.987612
-0.0001640000000000001	-0.5125360000000001	-0.8989480000000001
0.001452	-0.522352	-0.8926680000000001
-0.0010119999999999999	-0.519944	-0.8953279999999999
-7.199999999999995e-05	-0.5177480000000001	-0.8978480000000002
-0.00182	-0.521084	-0.890072
0.0006840000000000001	-0.520864	-0.8930719999999998
-0.00078	-0.5196000000000001	-0.8985160000000002
-0.0016960000000000002	-0.703944	-0.7599199999999999
-0.00402	-0.706584	-0.7556440000000001
-0.0018480000000000003	-0.705364	-0.7551559999999999
-0.0018560000000000002	-0.704412	-0.7564439999999999
-0.002616	-0.7075960000000001	-0.754636
-0.00011199999999999993	-0.707056	-0.7547280000000001
-0.00033599999999999993	-0.7054280000000002	-0.75688
-0.0044280000000000005	-0.8650039999999999	-0.557848
-0.003592	-0.8617639999999999	-0.5666
-0.005452	-0.861252	-0.567704
-0.00714	-0.8603439999999999	-0.569844
-0.005024000000000001	-0.8625039999999997	-0.567164
-0.006107999999999999	-0.8633	-0.57008
-0.0061519999999999995	-0.8933	-0.5298480000000001
-0.007879999999999998	-0.8867039999999998	-0.5211999999999999
-0.005236000000000001	-0.8897480000000002	-0.5283360000000001
-0.00598	-0.887252	-0.5241840000000001
-0.011223999999999998	-0.963584	-0.35781200000000013
-0.008084	-0.9642879999999999	-0.35454399999999997
-0.009727999999999997	-0.9647280000000003	-0.35589999999999994
-0.007643999999999999	-0.9658280000000004	-0.350556
-0.008488	-0.9674720000000002	-0.35084399999999993
-0.008672	-0.964276	-0.35810000000000003
-0.00908	-0.96734	-0.35137599999999997
-0.009807999999999999	-0.9678959999999998	-0.35314000000000006
-0.012043999999999997	-1.0005080000000002	-0.227564
-0.010843999999999996	-1.0042520000000001	-0.22574000000000002
-0.008792	-1.004216	-0.226668
-0.010187999999999997	-0.9999479999999997	-0.229592
0.03316000000000001	-1.022488	0.040396
0.03612	-1.022204	0.052256
0.03678	-1.020252	0.05373200000000001
0.035896	-1.0225000000000002	0.052147999999999986
0.03606000000000001	-1.02016	0.05097199999999999
0.018436000000000004	-0.9816919999999998	0.26899600000000007
0.017936000000000004	-0.9833200000000002	0.274272
0.019044	-0.9850760000000003	0.272444
0.018919999999999996	-0.9796879999999999	0.271096
0.019552	-0.9859680000000001	0.275704
0.018788	-0.982684	0.273264
0.019684	-0.979928	0.27806000000000003
0.018920000000000003	-0.9845560000000003	0.271564
0.015371999999999999	-0.9785280000000002	0.271616
0.014503999999999996	-0.983284	0.27017599999999997
0.0017600000000000003	-0.8958999999999999	0.48056
0.00029600000000000004	-0.9000119999999998	0.472016
-7.599999999999994e-05	-0.8988359999999997	0.474732
0.0032679999999999996	-0.9057079999999997	0.48007599999999995
0.00364	-0.9046680000000002	0.481508
-0.00013199999999999977	-0.8972160000000001	0.481956
-0.0005639999999999998	-0.8989679999999999	0.4815879999999999
-0.001196	-0.8965920000000002	0.48104800000000003
-0.000392	-0.89754	0.47961200000000004
-0.0011480000000000001	-0.7983480000000002	0.63104
-0.00134	-0.797976	0.62886
-0.00012000000000000006	-0.8003279999999999	0.624852
-0.0062959999999999995	-0.658224	0.766876
-0.005235999999999999	-0.6601999999999998	0.7644119999999998
-0.0057399999999999994	-0.660904	0.7667119999999998
-0.005392	-0.6616480000000001	0.7663599999999999
-0.006424	-0.6600599999999999	0.77192
-0.007391999999999998	-0.48544000000000004	0.8812760000000001
-0.009015999999999998	-0.4854320000000001	0.8803119999999999
-0.008135999999999997	-0.48437600000000003	0.886036
-0.009467999999999997	-0.48552000000000006	0.8862359999999999
-0.004716000000000001	-0.284184	0.9699200000000002
-0.009628	-0.281436	0.9654639999999999
-0.006312	-0.281616	0.9642120000000002
-0.006523999999999999	-0.2807839999999999	0.9599639999999999
-0.007227999999999999	-0.28060399999999996	0.9676480000000001
-0.006131999999999999	-0.282404	0.9677959999999999
-0.012811999999999999	-0.135644	1.000608
0.13589999999999994	-0.014604	0.990124
0.13605599999999998	-0.017539999999999997	0.9915080000000001
0.13746399999999998	-0.014103999999999998	0.990836
0.13735599999999998	-0.016720000000000002	0.9886119999999998
0.13907999999999998	-0.016416	0.9935679999999999
0.349848	-0.029836	0.9337399999999998
0.35304800000000003	-0.022671999999999994	0.9260120000000001
0.357408	-0.024708	0.9347279999999998
0.356972	-0.031972	0.9378240000000001
0.35657999999999995	-0.026252000000000004	0.9380079999999998
0.351196	-0.028315999999999997	0.9371640000000001
0.353168	-0.026487999999999998	0.9308719999999999
0.34977199999999997	-0.0325	0.9296800000000002
0.35525599999999996	-0.028268000000000005	0.9293760000000002
0.35776800000000003	-0.026776	0.9405279999999999
0.4812960000000001	-0.035656	0.8724239999999999
0.48505599999999993	-0.029604	0.8641480000000001
0.4912759999999999	-0.034236	0.8765560000000001
0.48401599999999995	-0.028868	0.8686879999999999
0.48562799999999995	-0.031195999999999998	0.8714199999999999
0.4876879999999999	-0.032540000000000006	0.874612
0.6512199999999999	-0.044879999999999996	0.7521559999999999
0.6583960000000001	-0.03847199999999999	0.748696
0.6538880000000001	-0.044244000000000006	0.7497600000000001
0.6580759999999999	-0.039564	0.7534400000000001
0.6588879999999999	-0.03912000000000001	0.751688
0.660004	-0.034856000000000005	0.7525080000000002
0.6569640000000001	-0.03972	0.7498520000000001
0.65358	-0.04658000000000001	0.7504360000000002
0.6520519999999999	-0.039144	0.745252
0.6562320000000001	-0.04168400000000001	0.7534360000000001
0.6549400000000002	-0.045128000000000015	0.7527680000000002
0.6534119999999999	-0.042728	0.7477399999999998
0.6522920000000001	-0.043108000000000014	0.7507959999999998
0.7222839999999999	-0.04501200000000001	0.682072
0.7261320000000001	-0.04386000000000001	0.6803679999999999
0.7259720000000002	-0.040804	0.6796520000000001
0.7244679999999998	-0.046948	0.685028
0.722412	-0.04398800000000001	0.6812320000000001
0.7281959999999998	-0.04386799999999999	0.6861560000000001
0.7264	-0.04346	0.682136
0.81058	-0.04810400000000001	0.5736
0.8111079999999999	-0.04563200000000002	0.574256
0.8120199999999999	-0.047552000000000004	0.5715680000000001
0.8120200000000001	-0.044436	0.5742320000000001
0.8148440000000001	-0.04522000000000001	0.573944
0.8095799999999999	-0.046688	0.5750759999999999
0.897544	-0.050351999999999994	0.42301599999999984
0.9000440000000001	-0.04894400000000001	0.42238800000000004
0.896112	-0.05210799999999999	0.42419999999999985
0.903024	-0.047296	0.421148
0.8985639999999999	-0.04706799999999999	0.421068
0.8997680000000001	-0.049731999999999985	0.42299600000000004
0.8994	-0.05157199999999999	0.4248880000000001
0.8965040000000001	-0.05226399999999999	0.424864
0.9670040000000002	-0.05187199999999999	0.22594399999999998
0.9711479999999998	-0.04986799999999999	0.20854
0.9722760000000001	-0.051155999999999986	0.20581599999999997
0.9740800000000001	-0.052284000000000004	0.20898000000000005
0.9718320000000001	-0.051795999999999995	0.20679999999999996
0.9717120000000001	-0.051323999999999995	0.209964
0.9960359999999997	-0.05243599999999998	0.003612
0.9958400000000001	-0.05095999999999999	0.00021599999999999994
0.9959160000000001	-0.051232000000000014	0.011636000000000002
0.9968519999999998	-0.050496000000000006	0.019312
0.9941159999999999	-0.050884	0.020248000000000002
0.9970799999999999	-0.050272	0.02107999999999999
1.003364	-0.04642399999999999	0.018411999999999998
0.9987119999999998	-0.05039199999999999	0.024971999999999994
0.9985719999999999	-0.05115999999999999	0.02266
0.9714480000000001	-0.050748000000000015	-0.266036
0.964352	-0.046088000000000004	-0.26017199999999996
0.9687680000000001	-0.04746800000000001	-0.26504400000000006
0.969268	-0.050635999999999994	-0.26512399999999997
0.9704039999999999	-0.052144	-0.265288
0.967456	-0.048004000000000005	-0.26429199999999997
0.9707400000000002	-0.050924000000000004	-0.268336
0.96234	-0.04857600000000001	-0.258668
0.8642559999999999	-0.046492000000000006	-0.527056
0.8618760000000001	-0.04355200000000001	-0.517696
0.866276	-0.045763999999999985	-0.52658
0.8644679999999998	-0.043136	-0.522056
0.8660920000000002	-0.043928	-0.525004
0.8672239999999999	-0.044892	-0.524568
0.7305560000000001	-0.044460000000000006	-0.7024040000000003
0.730544	-0.044476	-0.714084
0.730164	-0.04396400000000001	-0.713356
0.7323440000000001	-0.03860800000000001	-0.7126799999999999
0.7311439999999999	-0.041344000000000006	-0.7132040000000001
0.7308399999999999	-0.03614	-0.7095999999999999
0.7318920000000001	-0.038239999999999996	-0.7116439999999998
0.730904	-0.042679999999999996	-0.714136
0.724904	-0.043691999999999995	-0.7068080000000001
0.526012	-0.038083999999999986	-0.889724
0.514176	-0.03702400000000001	-0.8669119999999999
0.526392	-0.03413599999999999	-0.883392
0.5247959999999999	-0.037175999999999994	-0.880552
0.5250159999999998	-0.03484	-0.881696
0.411516	-0.030088	-0.9459360000000001
0.41401599999999994	-0.03146399999999999	-0.9528559999999997
0.409984	-0.029079999999999998	-0.9466439999999997
0.40926	-0.027667999999999998	-0.946208
0.41284800000000005	-0.027240000000000007	-0.9487240000000001
0.40806	-0.033468	-0.943112
0.407496	-0.031952	-0.9440320000000001
0.4121680000000001	-0.025136	-0.95112
0.243932	-0.022875999999999997	-0.9995479999999999
0.24435599999999996	-0.022072	-1.0000959999999999
0.24226799999999998	-0.032948	-1.001092
0.253284	-0.024152	-1.0157800000000001
0.25142	-0.026064000000000007	-1.006972
0.24833599999999997	-0.026587999999999997	-1.0036319999999999
0.047604	-0.023683999999999997	-1.033292
0.0528	-0.017647999999999994	-1.030956
0.05304799999999999	-0.017112000000000002	-1.0302959999999999
0.052088	-0.018439999999999998	-1.030988
0.045392	-0.027203999999999996	-1.030668
0.053548	-0.01754	-1.0327439999999999
-0.17478399999999997	-0.015523999999999998	-1.017848
-0.172268	-0.010547999999999997	-1.0174960000000002
-0.17107200000000006	-0.010548	-1.0177399999999999
-0.170504	-0.013143999999999998	-1.0181639999999998
-0.165904	-0.0053360000000000005	-1.0172799999999997
-0.27252000000000004	-0.013316	-0.9966759999999999
-0.27524799999999994	-0.019624000000000003	-0.995824
-0.27276800000000007	-0.006516000000000001	-0.9927399999999997
-0.281208	-0.013708	-0.993624
-0.277244	-0.014899999999999995	-0.9911719999999998
-0.276272	-0.015347999999999999	-0.991892
-0.10918	-0.031656000000000004	0.9219960000000001
-0.08658800000000001	-0.022124	0.9980880000000001
-0.09230000000000001	-0.028460000000000006	0.9966440000000002
-0.09898799999999999	-0.034547999999999995	0.9944360000000002
-0.09565199999999999	-0.026320000000000007	1.008308
-0.10539199999999999	-0.027092000000000005	0.9985639999999999
-0.10658799999999999	-0.026463999999999998	0.9912160000000003
0.159028	-0.025264	0.9863960000000003
0.14936799999999997	-0.026523999999999995	0.9892400000000002
0.14414399999999997	-0.027344	0.9858080000000002
0.14352	-0.026016000000000004	0.98686
0.14374399999999998	-0.02599599999999999	0.9896920000000001
0.14562399999999998	-0.026539999999999998	0.9902839999999997
0.338828	-0.025399999999999995	0.9415840000000002
0.3380560000000001	-0.027152	0.9398439999999999
0.33901200000000004	-0.026836	0.94186
0.336292	-0.027116	0.9391360000000002
0.336664	-0.027160000000000007	0.9394520000000002
0.33887199999999995	-0.027672	0.9361320000000001
0.3357240000000001	-0.030644000000000005	0.9384600000000001
0.48140399999999994	-0.030356	0.8715919999999998
0.47441199999999994	-0.033448000000000006	0.872944
0.48005599999999987	-0.031192000000000008	0.874216
0.48101999999999995	-0.028807999999999993	0.8758920000000002
0.477492	-0.029832000000000004	0.877596
0.47570799999999996	-0.03594	0.8737279999999998
0.47445199999999993	-0.03184800000000001	0.8660720000000001
0.618632	-0.03389199999999999	0.7798120000000001
0.612152	-0.035072	0.7820800000000001
0.6217520000000001	-0.036472	0.7838959999999997
0.621284	-0.035404000000000005	0.779004
0.6196640000000001	-0.034288	0.7809320000000001
0.6180319999999999	-0.03820400000000001	0.791512
0.6126959999999999	-0.03182	0.779312
0.765148	-0.038012	0.6300359999999999
0.764576	-0.03537599999999999	0.635752
0.7624159999999998	-0.037076000000000005	0.6374399999999999
0.7633959999999999	-0.03916	0.6400800000000001
0.765848	-0.039324	0.6400599999999999
0.8845720000000001	-0.037252	0.44786000000000004
0.8852239999999999	-0.036388	0.44792799999999994
0.885968	-0.038251999999999994	0.454824
0.8838640000000001	-0.03858000000000001	0.4512239999999999
0.8835200000000001	-0.036028	0.451468
0.8859960000000001	-0.036323999999999995	0.45758000000000004
0.9741199999999998	-0.041256	0.20267600000000002
0.975708	-0.040576	0.190748
0.9765039999999999	-0.04258800000000001	0.198944
0.9728079999999999	-0.043068	0.19876399999999997
0.9752120000000002	-0.041643999999999994	0.19463999999999998
0.977364	-0.041328000000000004	0.19390400000000002
0.9759480000000003	-0.042052	0.19233599999999995
0.9759640000000002	-0.04275199999999999	0.19674399999999997
0.9770120000000003	-0.041608	0.201108
0.9746480000000003	-0.04219200000000001	0.19722399999999993
0.9768360000000001	-0.04181600000000001	0.192348
0.9759719999999998	-0.041151999999999994	0.19519999999999996
0.9744000000000002	-0.04120800000000001	0.198588
0.9955280000000001	-0.0423	0.04911199999999999
0.9963440000000002	-0.042184000000000006	0.055296000000000005
0.9960840000000001	-0.043164	0.055520000000000014
0.9930680000000001	-0.041007999999999996	0.05862400000000001
0.9958400000000001	-0.0412	0.05652000000000001
0.992612	-0.042116	0.060827999999999986
0.9971800000000001	-0.043756	0.059596
0.9902280000000002	-0.04407200000000001	-0.13580399999999998
0.9913200000000001	-0.04362400000000001	-0.142236
0.9910720000000001	-0.043632	-0.13690799999999997
0.990688	-0.04549200000000002	-0.131692
0.9918960000000001	-0.04572799999999999	-0.13459200000000002
0.991776	-0.04408800000000001	-0.141528
0.9901040000000001	-0.04192	-0.134656
0.9901080000000002	-0.040423999999999995	-0.13497599999999998
0.9905480000000001	-0.044004	-0.134172
0.9503800000000002	-0.048204000000000004	-0.3198999999999999
0.954752	-0.04852399999999999	-0.321784
0.949184	-0.047248	-0.313928
0.9520240000000001	-0.046792	-0.320668
0.954296	-0.049708	-0.31984399999999996
0.9509960000000001	-0.04812	-0.31668
0.95196	-0.047032000000000004	-0.3194
0.953476	-0.047956000000000006	-0.318164
0.952868	-0.045228000000000004	-0.31984000000000007
0.952076	-0.04675600000000001	-0.31649600000000006
0.8522639999999997	-0.05005999999999999	-0.5415760000000001
0.8561600000000001	-0.052012	-0.54426
0.85078	-0.046579999999999996	-0.5422359999999999
0.8534959999999999	-0.049651999999999995	-0.544452
0.8536839999999999	-0.050460000000000005	-0.5447520000000001
0.8541560000000002	-0.04855199999999999	-0.5452520000000001
0.8548680000000001	-0.05134	-0.5456240000000001
0.853596	-0.048064	-0.5434159999999999
0.8536000000000001	-0.051308	-0.5421159999999999
0.8538080000000001	-0.049376	-0.5476240000000001
0.7284720000000001	-0.049215999999999996	-0.7027920000000001
0.7283719999999999	-0.047164000000000005	-0.709336
0.7290480000000003	-0.051244000000000005	-0.709812
0.7263080000000001	-0.051328	-0.713248
0.7245959999999998	-0.047560000000000005	-0.71018
0.7276600000000001	-0.050784	-0.7114600000000002
0.6289559999999998	-0.05508	-0.8129079999999997
0.6232119999999999	-0.052896	-0.8049000000000001
0.6271639999999999	-0.04846	-0.8070920000000001
0.6252719999999999	-0.052959999999999986	-0.811956
0.6249399999999998	-0.054252	-0.805496
0.6260319999999999	-0.049747999999999994	-0.803596
0.6266520000000001	-0.053488	-0.8164319999999999
0.623628	-0.05564799999999999	-0.8089280000000002
0.6262520000000001	-0.052324	-0.808788
0.514664	-0.049832	-0.8894080000000001
0.512548	-0.052824	-0.88752
0.5112960000000001	-0.052624000000000004	-0.8866200000000001
0.512136	-0.045936000000000005	-0.8839159999999999
0.51396	-0.04683199999999999	-0.889012
0.5145679999999999	-0.048519999999999994	-0.8876919999999999
0.513496	-0.04652800000000001	-0.8835200000000002
0.5164240000000001	-0.05134799999999999	-0.8938320000000003
0.5138480000000001	-0.050927999999999994	-0.886636
0.510996	-0.048872	-0.8795559999999999
0.3501360000000001	-0.045828	-0.969692
0.34812000000000004	-0.048664000000000006	-0.9648680000000002
0.35064800000000007	-0.045616000000000004	-0.9701
0.34708399999999995	-0.050336000000000006	-0.9674320000000002
0.34812400000000004	-0.04531999999999999	-0.9677039999999998
0.35024399999999994	-0.04738799999999999	-0.9715239999999998
0.350128	-0.044596	-0.9694639999999997
0.350808	-0.045188000000000006	-0.9721480000000001
0.094012	-0.038084	-1.03454
0.09355200000000002	-0.03758	-1.0334880000000002
0.095884	-0.03972	-1.0348760000000001
0.092972	-0.039807999999999996	-1.026616
0.09418399999999999	-0.039411999999999996	-1.029812
-0.11419199999999996	-0.023903999999999995	0.913108
-0.12422000000000001	-0.02388	0.993624
-0.12330400000000001	-0.024235999999999994	0.999696
-0.12442799999999998	-0.023455999999999998	0.991392
-0.122104	-0.023236	0.991712
-0.123272	-0.022087999999999993	0.9914680000000001
-0.341444	-0.010291999999999997	0.941148
-0.349492	-0.010767999999999998	0.9384719999999998
-0.35027200000000003	-0.009571999999999999	0.9422639999999999
-0.352244	-0.011911999999999999	0.9375080000000002
-0.350244	-0.010535999999999998	0.9405359999999999
-0.347416	-0.009403999999999997	0.9353559999999997
-0.34834	-0.008591999999999999	0.942288
-0.35485200000000006	-0.012651999999999998	0.943176
-0.34746399999999994	-0.010867999999999997	0.9377559999999998
-0.35193599999999997	-0.011631999999999997	0.9426199999999997
-0.5376799999999999	0.0003759999999999999	0.8462039999999997
-0.5435199999999999	-0.00019200000000000006	0.842168
-0.541852	-0.00072	0.8431519999999999
-0.5439880000000001	-0.001336	0.845064
-0.5414359999999999	0.0006760000000000001	0.8393000000000002
-0.5427599999999998	-0.0005400000000000001	0.844896
-0.543352	-0.0025	0.8451999999999998
-0.5449440000000001	-0.0014880000000000002	0.8443400000000001
-0.543616	-0.0009839999999999996	0.8435279999999998
-0.5421640000000001	-0.0021600000000000005	0.8443080000000001
-0.684256	0.0021799999999999996	0.7299039999999999
-0.6820680000000001	0.001204	0.733484
-0.6808639999999998	0.0013840000000000002	0.7309879999999999
-0.68076	0.00122	0.7299479999999998
-0.683132	2.000000000000007e-05	0.7287359999999999
-0.68452	0.0015160000000000002	0.7331080000000001
-0.8017320000000001	0.006379999999999999	0.609028
-0.7987160000000002	0.005488000000000001	0.6049119999999999
-0.7941640000000001	0.008251999999999999	0.6012679999999999
-0.7971720000000001	0.006275999999999999	0.6038680000000002
-0.7962920000000001	0.006447999999999999	0.6038919999999999
-0.798648	0.006799999999999998	0.603872
-0.7966999999999999	0.007483999999999999	0.605448
-0.887444	0.010443999999999998	0.46297599999999994
-0.8881199999999998	0.01014	0.4628960000000001
-0.8872480000000001	0.011091999999999998	0.45770399999999994
-0.8875599999999999	0.009431999999999998	0.4630120000000001
-0.88836	0.009035999999999999	0.46315600000000023
-0.888508	0.00836	0.45858799999999994
-0.8890039999999999	0.00788	0.4579200000000001
-0.9629999999999999	0.010271999999999998	0.266868
-0.964512	0.009527999999999998	0.26638799999999996
-0.9654840000000001	0.010427999999999998	0.26802000000000004
-0.961	0.012715999999999996	0.268036
-0.9636600000000004	0.00994	0.266192
-0.963844	0.011991999999999997	0.271448
-1.0010559999999997	0.014475999999999996	0.057128
-1.001432	0.012591999999999999	0.05596400000000001
-1.0000479999999998	0.014427999999999995	0.05656800000000001
-1.000196	0.012616	0.05888800000000001
-0.999296	0.013471999999999998	0.056988
-1.000748	0.012343999999999999	0.057836
-1.000564	0.012907999999999998	0.05824000000000001
-0.990508	0.013003999999999998	-0.157616
-0.9914999999999999	0.012856	-0.16038400000000005
-0.9926599999999999	0.013399999999999997	-0.16056800000000002
-0.9922240000000001	0.012183999999999997	-0.158392
-0.9905320000000002	0.013023999999999997	-0.161052
-0.990908	0.015427999999999996	-0.157716
-0.9876360000000001	0.013319999999999997	-0.15980399999999997
-0.9963159999999999	0.010388	-0.16286
-0.940192	0.006163999999999999	-0.3786320000000001
-0.9356159999999999	0.006816	-0.37794799999999995
-0.9371799999999999	0.0066679999999999994	-0.37788799999999995
-0.9351879999999998	0.008787999999999997	-0.37820800000000004
-0.9382679999999998	0.007796000000000001	-0.3778280000000001
-0.9369319999999999	0.005964	-0.37797200000000003
-0.9369719999999998	0.006324	-0.37603200000000003
-0.9384880000000001	0.007103999999999998	-0.37689600000000006
-0.9386759999999998	0.00478	-0.3785360000000001
-0.9365519999999999	0.008195999999999998	-0.378192
-0.7503	0.0013040000000000003	-0.691516
-0.747532	0.001288	-0.691816
-0.7473999999999998	0.0011960000000000004	-0.6898040000000002
-0.7502200000000001	-0.00010000000000000015	-0.6927560000000001
-0.7487400000000001	0.0016239999999999998	-0.6903559999999999
-0.7511319999999999	-0.000796	-0.6933839999999999
-0.7499720000000001	0.00021999999999999987	-0.6912399999999999
-0.644028	-0.012711999999999996	-0.799476
-0.64338	-0.012407999999999999	-0.7945320000000001
-0.641704	-0.012387999999999995	-0.7959000000000002
-0.6423639999999999	-0.013027999999999994	-0.7982439999999998
-0.6458759999999999	-0.012767999999999996	-0.7977199999999999
-0.6450200000000001	-0.012071999999999996	-0.7977959999999998
-0.6452519999999999	-0.012403999999999995	-0.7995360000000001
-0.6453	-0.013464	-0.79592
-0.510468	-0.016504	-0.8936919999999999
-0.504668	-0.019008000000000004	-0.9001520000000001
-0.5053920000000001	-0.02032	-0.898528
-0.5026480000000001	-0.019256000000000002	-0.8977240000000002
-0.504752	-0.017700000000000004	-0.8983600000000002
-0.5041	-0.018776	-0.8954040000000001
-0.505096	-0.018056000000000003	-0.8968679999999999
-0.33352400000000004	-0.025328	-0.9815200000000002
-0.329204	-0.02208	-0.97398
-0.33129200000000003	-0.023548	-0.9823280000000003
-0.331112	-0.023627999999999996	-0.9813840000000004
-0.330176	-0.023955999999999998	-0.9825080000000002
-0.330784	-0.023364	-0.9769120000000001
-0.33131600000000005	-0.025268	-0.980744
-0.33003200000000005	-0.023411999999999992	-0.976896
-0.330844	-0.024783999999999997	-0.9812040000000001
-0.273304	-0.026699999999999998	-0.9962679999999999
-0.27267600000000003	-0.025136	-0.990512
-0.27296400000000004	-0.025828000000000004	-0.994936
-0.27242	-0.026543999999999998	-0.9936560000000001
-0.27236399999999994	-0.026399999999999996	-0.9939000000000001
-0.27280799999999994	-0.026603999999999996	-0.9975999999999999
-0.15338000000000002	-0.030368	-1.0223839999999997
-0.15398799999999999	-0.029708	-1.021648
-0.15410400000000002	-0.030196000000000004	-1.024588
-0.15353999999999998	-0.030992	-1.021632
-0.15336799999999998	-0.03088	-1.0178559999999996
-0.03274799999999999	-0.033764	-1.035488
-0.033755999999999994	-0.033324	-1.0336720000000001
-0.031324	-0.03419599999999999	-1.037912
-0.03814000000000001	-0.03458399999999999	-1.037452
-0.030356	-0.03288800000000001	-1.03478
-0.033028	-0.03367600000000001	-1.0353480000000004
-0.03236000000000001	-0.033568	-1.038788
0.035387999999999996	-0.035596	-1.036212
0.033584	-0.033784	-1.0328840000000001
0.032496	-0.035075999999999996	-1.0362999999999998
0.036292	-0.035879999999999995	-1.0352439999999996
0.033572000000000005	-0.034724	-1.0346599999999997
0.033100000000000004	-0.033440000000000004	-1.02864
0.032736	-0.03386399999999999	-1.030064
0.137016	-0.03306799999999999	-1.0254640000000002
0.14220800000000003	-0.030423999999999993	-1.0220559999999999
0.13904000000000002	-0.03362400000000001	-1.026264
0.140496	-0.03308	-1.0249200000000003
0.141464	-0.031239999999999997	-1.0235159999999999
0.14791999999999997	-0.033452	-1.02476
0.25094	-0.029424000000000002	-1.0055640000000001
0.253952	-0.030731999999999995	-0.9995160000000002
0.254272	-0.03265600000000001	-1.0003
0.253584	-0.031191999999999998	-0.9986200000000001
0.25376800000000005	-0.02982	-1.00076
0.25638399999999995	-0.03156	-1.0015079999999998
0.254492	-0.03325600000000001	-0.9978600000000002
0.376832	-0.029492000000000004	-0.95744
0.38083600000000006	-0.027008	-0.9567600000000002
0.38224400000000003	-0.027339999999999996	-0.9580239999999997
0.379512	-0.028047999999999997	-0.9563719999999999
0.3843559999999999	-0.029196	-0.9577079999999997
0.381568	-0.029404000000000007	-0.9610919999999998
0.38398000000000004	-0.028976000000000002	-0.9617679999999998
0.381736	-0.028024000000000004	-0.9561319999999999
0.066384	-0.020259999999999997	0.917656
0.049800000000000004	-0.022048	1.002116
0.051840000000000004	-0.019416	0.998584
0.04588000000000001	-0.022107999999999996	0.9966960000000001
0.049596	-0.020575999999999997	1.000216
0.044284	-0.019544000000000002	0.996956
-0.154928	-0.006100000000000001	0.988664
-0.15142800000000003	-0.009663999999999999	0.9875200000000001
-0.15317599999999998	-0.009435999999999998	0.9914839999999999
-0.151804	-0.00828	0.9874639999999999
-0.14634	-0.008272	0.9859760000000002
-0.14996400000000001	-0.009628	0.9883919999999999
-0.148336	-0.011092	0.988796
-0.149004	-0.006336	0.9941520000000001
-0.145504	-0.010055999999999999	0.9911319999999999
-0.142788	-0.009999999999999998	0.9902799999999999
-0.16096399999999997	-0.008419999999999999	0.9958040000000001
-0.14037200000000002	-0.015079999999999996	0.9914519999999999
-0.35916	-0.008199999999999999	0.937536
-0.36272799999999994	-0.008799999999999997	0.9325599999999998
-0.35971200000000003	-0.006951999999999998	0.9339439999999999
-0.36190799999999995	-0.008103999999999998	0.931152
-0.361756	-0.007727999999999997	0.934084
-0.36133999999999994	-0.01018	0.9310040000000004
-0.3644400000000001	-0.010051999999999997	0.9301360000000001
-0.36279199999999995	-0.007807999999999998	0.93198
-0.5113280000000001	-0.004712000000000001	0.854652
-0.5136119999999998	-0.0024879999999999998	0.8582839999999998
-0.509144	-0.00047999999999999985	0.8613719999999999
-0.512868	-0.00378	0.8600840000000001
-0.509984	-0.0032280000000000004	0.8577680000000001
-0.511464	-0.003416	0.860368
-0.508904	-0.004916	0.8608920000000001
-0.507544	-0.003980000000000001	0.8619800000000004
-0.5110640000000001	-0.0040880000000000005	0.860444
-0.5111	-0.003588	0.8600319999999999
-0.5134799999999999	-0.0038840000000000003	0.8552800000000002
-0.512288	-0.002852000000000001	0.85618
-0.509196	-0.004268	0.8620680000000001
-0.509532	-0.0038680000000000003	0.8627200000000002
-0.6582400000000002	0.006828	0.7558200000000003
-0.6615679999999999	0.006183999999999999	0.750852
-0.65582	0.0059	0.750784
-0.6602760000000001	0.005771999999999999	0.7490559999999999
-0.656564	0.0044480000000000006	0.7491600000000003
-0.6589079999999999	0.00536	0.7513359999999999
-0.6591119999999999	0.005424	0.753504
-0.6609919999999999	0.007076	0.7508
-0.818768	0.00924	0.573452
-0.81816	0.008772	0.570064
-0.816932	0.010003999999999999	0.5758399999999999
-0.8181280000000001	0.009436	0.576048
-0.8181679999999999	0.008391999999999998	0.5702479999999999
-0.8189240000000001	0.010184000000000002	0.576844
-0.8202119999999998	0.007832	0.570572
-0.8881280000000003	0.010603999999999997	0.458148
-0.8869920000000002	0.012723999999999992	0.4567959999999999
-0.889872	0.011283999999999999	0.45548399999999994
-0.8896599999999999	0.009728	0.4538440000000001
-0.889884	0.009188	0.45083999999999996
-0.9586319999999999	0.010623999999999996	0.29911999999999994
-0.9561240000000001	0.010935999999999996	0.29424799999999995
-0.9540479999999998	0.011131999999999996	0.2923920000000001
-0.9561120000000001	0.010803999999999996	0.29618800000000006
-0.9552759999999999	0.011356	0.293336
-0.9984479999999998	0.013279999999999993	0.09047199999999998
-0.9969359999999999	0.012203999999999998	0.08784799999999998
-0.9971279999999999	0.011467999999999996	0.08662
-0.9971479999999999	0.014015999999999995	0.09074399999999999
-0.9987440000000001	0.010963999999999998	0.089228
-0.996056	0.013576	0.08857200000000001
-0.9937960000000001	0.006683999999999999	-0.13819599999999999
-0.9972000000000001	0.010715999999999996	-0.138016
-0.997716	0.007836	-0.142732
-0.9921080000000001	0.001056	-0.13987199999999997
-0.9936839999999999	0.0064839999999999984	-0.13186399999999998
-0.9960000000000001	0.007896	-0.14250400000000002
-0.997396	0.009012	-0.13631200000000002
-0.990516	0.009892	-0.13696800000000003
-0.9987839999999997	0.009543999999999999	-0.13255999999999998
-0.9988840000000002	0.007892	-0.134924
-0.995668	0.0076359999999999996	-0.13486399999999998
-0.9979520000000001	0.006788	-0.13547200000000004
-0.996776	0.009432	-0.13381999999999997
-0.991424	0.005584	-0.139044
-0.9957480000000001	0.007691999999999999	-0.14094
-0.9448040000000002	0.008411999999999998	-0.35561600000000004
-0.9461560000000001	0.008464000000000001	-0.35488
-0.9445039999999998	0.006263999999999999	-0.3543279999999999
-0.942932	0.007836	-0.35526800000000003
-0.9452839999999999	0.01072	-0.35496
-0.9457520000000001	0.010063999999999997	-0.35583600000000004
-0.943444	0.007387999999999999	-0.3558240000000001
-0.9463559999999999	0.0053560000000000005	-0.35322400000000004
-0.9457679999999997	0.007836000000000001	-0.35691199999999995
-0.9486119999999998	0.008939999999999998	-0.353332
-0.882644	0.0010600000000000002	-0.504424
-0.882708	0.005531999999999999	-0.5005359999999999
-0.8799839999999998	0.002764	-0.5047119999999999
-0.8817160000000003	0.007963999999999995	-0.502232
-0.8808880000000001	0.005032000000000001	-0.5021
-0.8799920000000001	0.00198	-0.502428
-0.8832559999999998	0.003748	-0.500128
-0.878532	0.003164	-0.50088
-0.881052	-0.00036799999999999957	-0.5014559999999999
-0.8803319999999999	-0.00017599999999999967	-0.5010560000000001
-0.7376480000000001	0.007056	-0.7112960000000002
-0.732572	0.009087999999999999	-0.709156
-0.7280559999999998	0.0062999999999999974	-0.7082440000000001
-0.7415039999999997	0.006444000000000001	-0.715688
-0.741292	0.012655999999999999	-0.707916
-0.740744	0.006152000000000001	-0.7113079999999999
-0.729084	0.00724	-0.7124319999999998
-0.7363640000000001	0.008939999999999998	-0.7133800000000002
-0.7288760000000002	0.006843999999999999	-0.7117800000000001
-0.7334479999999999	0.010635999999999996	-0.71244
-0.7338439999999999	0.010427999999999998	-0.709688
-0.522664	0.0035960000000000002	-0.8835959999999997
-0.5212559999999999	0.005404	-0.8811880000000001
-0.5202119999999999	0.0027040000000000002	-0.884344
-0.525172	0.002012	-0.8847240000000001
-0.521188	0.001084	-0.8852
-0.5183319999999998	0.0002240000000000005	-0.8868680000000001
-0.517292	0.0004600000000000001	-0.8898440000000002
-0.515396	0.003044	-0.8850400000000002
-0.5209720000000001	0.0008360000000000004	-0.8832760000000001
-0.336292	-0.0033640000000000002	-0.9770280000000001
-0.3343879999999999	-0.0026120000000000006	-0.9783480000000001
-0.335664	-0.0044800000000000005	-0.9739080000000001
-0.340536	-0.0019000000000000002	-0.97342
-0.33838000000000007	-0.002952	-0.9766440000000002
-0.33967600000000003	-0.004052	-0.9735159999999999
-0.33978400000000003	-0.002968	-0.9707880000000002
-0.17998	-0.00852	-1.015656
-0.17481199999999997	-0.011303999999999998	-1.0160479999999998
-0.172508	-0.008312	-1.018876
-0.17755600000000002	-0.0077399999999999995	-1.0145039999999996
-0.17144	-0.010248	-1.018984
-0.17466800000000007	-0.009427999999999997	-1.0207239999999997
-0.173948	-0.011575999999999996	-1.0186920000000002
-0.17426000000000003	-0.009647999999999999	-1.018764
-0.17505600000000004	-0.009943999999999998	-1.0174600000000003
-0.17470399999999997	-0.009519999999999999	-1.020408
0.023356000000000002	-0.018260000000000002	-1.033864
0.028379999999999996	-0.020088000000000005	-1.029664
0.030432000000000004	-0.021931999999999997	-1.03202
0.03229200000000001	-0.021812000000000005	-1.033056
0.030175999999999998	-0.018907999999999998	-1.0321159999999998
0.029951999999999996	-0.019456	-1.029304
0.032556	-0.019752000000000002	-1.032852
0.12914400000000004	-0.020292000000000004	-1.0260159999999998
0.12326399999999998	-0.025160000000000002	-1.0242559999999998
0.12699599999999997	-0.022631999999999996	-1.0231439999999998
0.12409999999999999	-0.021611999999999996	-1.026804
0.126564	-0.024488000000000003	-1.025376
0.128268	-0.021428	-1.0233160000000003
0.127348	-0.022436	-1.024468
0.23868400000000004	-0.04343999999999999	-1.006088
0.23800799999999994	-0.04275599999999999	-0.9948520000000001
0.24169600000000002	-0.043199999999999995	-1.003124
0.24642800000000004	-0.047936	-1.000752
0.24154400000000004	-0.046083999999999986	-1.0095320000000003
0.24148400000000006	-0.044668	-1.0068000000000001
0.242748	-0.04712799999999999	-1.0013520000000002
0.9948280000000002	-0.05371599999999999	0.06285199999999999
0.9932239999999998	-0.054051999999999996	0.06238399999999999
0.9957519999999999	-0.05372799999999998	0.06206800000000001
0.9955560000000001	-0.052752	0.06144
0.9961240000000001	-0.053464	0.063448
0.9954040000000001	-0.054000000000000006	0.062496
0.9963280000000002	-0.05298800000000001	0.061711999999999996
0.9952959999999998	-0.053868000000000006	0.062636
0.996344	-0.052816	0.06282399999999999
0.9952880000000001	-0.05343199999999999	0.0643
0.9951959999999996	-0.045543999999999994	0.059491999999999996
0.9951320000000001	-0.04783599999999998	0.05983600000000001
0.9947999999999998	-0.046560000000000004	0.059824
0.994572	-0.046195999999999994	0.061160000000000006
0.9954759999999999	-0.04637600000000001	0.06084799999999999
0.995892	-0.045815999999999996	0.06217200000000002
0.99576	-0.0423	0.061784
0.9959399999999999	-0.043244	0.06004800000000001
0.9949800000000003	-0.042032	0.058984000000000016
0.995156	-0.04258400000000001	0.06086400000000001
0.9955440000000003	-0.041992	0.06003999999999999
0.99594	-0.040920000000000005	0.060156
0.995104	-0.04195600000000001	0.060315999999999995
0.995628	-0.04166	0.059732000000000014
0.9965199999999999	-0.033671999999999994	0.05376800000000001
0.9946839999999999	-0.033620000000000004	0.052948000000000016
0.9961759999999998	-0.03330400000000001	0.054144
0.9967719999999997	-0.033752	0.05349199999999999
0.9949199999999999	-0.03313200000000001	0.053411999999999994
0.9951399999999999	-0.035056	0.053456000000000004
0.995272	-0.025519999999999998	0.049556
0.9952199999999999	-0.02683200000000001	0.049331999999999994
0.995636	-0.025871999999999996	0.048343999999999984
0.9958	-0.026023999999999988	0.048403999999999996
0.996288	-0.023827999999999995	0.049488
0.996232	-0.025535999999999993	0.049392000000000005
0.9962119999999998	-0.024268	0.049572000000000005
0.9979920000000001	-0.017172	0.044467999999999994
0.9971720000000004	-0.016468	0.043372
0.9986879999999999	-0.017212	0.043224
0.9959279999999998	-0.016892	0.04451600000000001
0.996424	-0.015936	0.042232000000000006
0.995736	-0.017220000000000003	0.042472
0.9960559999999999	-0.015923999999999997	0.043564000000000005
0.9964160000000001	-0.017227999999999997	0.04276800000000001
0.998572	-0.016112	0.043564
0.9956599999999998	-0.017575999999999998	0.042408
0.9953560000000001	-0.010983999999999999	0.03735200000000001
0.9961359999999998	-0.011696	0.037852000000000004
0.996544	-0.011747999999999996	0.03795200000000001
0.9979959999999997	-0.011675999999999997	0.037856
0.9959159999999998	-0.011367999999999998	0.03824
0.9974879999999999	-0.012423999999999998	0.03758399999999999
0.9967119999999998	-0.012311999999999997	0.03596
0.99824	-0.011483999999999996	0.038244
0.9965200000000002	-0.012332	0.036972
0.9965959999999998	-0.012183999999999999	0.038496
0.9963080000000001	-0.011271999999999997	0.036528
0.9962639999999999	-0.013632	0.03914000000000001
0.995476	-0.003280000000000001	0.021147999999999997
0.9973360000000001	-0.0016199999999999997	0.02246
0.9971559999999999	-0.0017600000000000003	0.021403999999999996
0.9971119999999998	-0.0023360000000000004	0.021227999999999997
0.9974599999999998	-0.0003640000000000002	0.021863999999999998
0.9974359999999999	-0.001672	0.022696
0.9969879999999999	-0.002656	0.021616000000000003
0.9966000000000003	-0.0028000000000000004	0.021244
0.9975999999999998	-0.0028439999999999997	0.021259999999999994
0.9975200000000001	-0.0018680000000000005	0.021575999999999994
0.9970800000000001	-0.002712	0.021112
0.9972639999999999	-0.003332	0.022364
0.997024	0.0072999999999999975	0.008007999999999998
0.9977999999999997	0.007044	0.006956
0.99666	0.007719999999999999	0.006876
0.997948	0.0074519999999999986	0.00734
0.9969160000000001	0.007455999999999999	0.006563999999999999
0.998984	0.0078000000000000005	0.007052
0.9971439999999997	0.007555999999999999	0.006076000000000001
0.99694	0.0064319999999999985	0.0059679999999999985
0.9978079999999998	0.008291999999999999	0.005879999999999999
0.9976560000000001	0.008827999999999997	-0.012756
0.9973480000000001	0.010007999999999996	-0.013611999999999996
0.9973520000000002	0.009715999999999997	-0.013135999999999995
0.9966960000000001	0.0093	-0.014007999999999998
0.998336	0.009135999999999997	-0.013163999999999999
0.9991719999999996	0.009059999999999999	-0.013143999999999996
0.997724	0.002064	-0.039792
0.99728	0.0022280000000000004	-0.042004
0.995836	0.001076	-0.04223199999999999
0.9956639999999999	0.0019560000000000003	-0.04078800000000001
0.99604	0.001436	-0.04186399999999999
0.9973039999999999	0.0018560000000000002	-0.04219200000000001
0.9980040000000003	0.002084	-0.03566799999999999
0.9982559999999997	-0.014467999999999996	-0.07379200000000001
0.996428	-0.014467999999999998	-0.07503599999999999
0.996972	-0.013627999999999994	-0.07443600000000002
0.99512	-0.014632	-0.07611999999999998
0.9977159999999999	-0.013883999999999999	-0.07532399999999999
0.9945159999999998	-0.041972	-0.09802399999999999
0.9951880000000002	-0.041892000000000006	-0.09586799999999998
0.9958560000000002	-0.042508	-0.096516
0.995344	-0.041424	-0.095892
0.994884	-0.043056000000000004	-0.095728
0.9949079999999999	-0.043084	-0.09601599999999998
0.9972279999999999	-0.042216	-0.096408
0.9940239999999999	-0.04166	-0.095216
0.9914680000000001	-0.082292	-0.112928
0.9908159999999998	-0.08295200000000001	-0.114
0.9924119999999997	-0.08357600000000001	-0.11252
0.9917959999999998	-0.08326800000000001	-0.112176
0.9917959999999999	-0.08345599999999999	-0.11309200000000001
0.9916800000000001	-0.0675	-0.09956799999999998
0.9928920000000002	-0.06845600000000002	-0.10288
0.993064	-0.068108	-0.101332
0.993104	-0.068536	-0.10110799999999999
0.994048	-0.066548	-0.10162400000000003
0.9939079999999998	-0.068732	-0.101488
0.993732	-0.067232	-0.10219999999999997
0.995548	-0.058548	-0.088672
0.9941440000000002	-0.060992	-0.09018000000000001
0.9937239999999999	-0.06103599999999999	-0.08976400000000001
0.9951880000000002	-0.060739999999999995	-0.09035600000000002
0.99414	-0.061124	-0.08982400000000001
0.9939119999999998	-0.060312000000000004	-0.089912
0.9927799999999999	-0.10057199999999998	-0.080684
0.992576	-0.103824	-0.07999200000000001
0.991732	-0.10231200000000003	-0.080304
0.9927399999999998	-0.10265200000000001	-0.080196
0.9951720000000001	-0.10183600000000002	-0.080488
0.993868	-0.10194800000000001	-0.080564
0.9907800000000002	-0.13187200000000002	-0.06167199999999999
0.990444	-0.13224	-0.061032
0.9920120000000001	-0.132176	-0.061695999999999994
0.990552	-0.13282799999999997	-0.060579999999999995
0.9919480000000003	-0.131932	-0.060768
0.992872	-0.12960000000000002	-0.04894799999999999
0.9927000000000001	-0.12837999999999997	-0.048995999999999984
0.990332	-0.128648	-0.04935599999999999
0.9924600000000001	-0.12920399999999999	-0.049807999999999984
0.9923880000000002	-0.128648	-0.04868399999999999
0.9926559999999998	-0.12915199999999996	-0.049564000000000004
0.9927799999999999	-0.129656	-0.04858
0.991896	-0.129052	-0.04848000000000001
0.993472	-0.123328	-0.04452800000000002
0.9930199999999999	-0.122696	-0.04420400000000001
0.9937680000000002	-0.12233599999999997	-0.04238
0.9941599999999999	-0.123444	-0.043944000000000004
0.9932840000000001	-0.12198799999999997	-0.044764000000000005
0.9910760000000002	-0.12183200000000001	-0.04394000000000001
0.9934999999999999	-0.12015600000000003	-0.0424
0.994264	-0.120576	-0.041468
0.9932160000000003	-0.12006400000000003	-0.04154800000000001
0.9931639999999998	-0.12130400000000002	-0.04131200000000001
0.9928199999999997	-0.11882800000000002	-0.04168399999999999
0.9927039999999999	-0.119892	-0.04086
0.9917200000000002	-0.12902	-0.022319999999999996
0.9934559999999998	-0.13011999999999999	-0.022388000000000005
0.99146	-0.130712	-0.021108000000000002
0.9918520000000001	-0.12976000000000004	-0.021072000000000007
0.991188	-0.130076	-0.020332
0.9931519999999998	-0.13079200000000002	-0.021372000000000006
0.991948	-0.13083199999999998	-0.020996000000000004
0.9916959999999999	-0.129668	-0.020744
0.982452	-0.18501599999999999	0.042968
0.9834199999999998	-0.185	0.044259999999999994
0.983052	-0.18465999999999996	0.04300400000000001
0.9840839999999998	-0.18569999999999998	0.043296
0.9841400000000003	-0.18506000000000003	0.04434400000000001
0.9877719999999997	-0.154512	0.040712
0.9890039999999999	-0.146344	0.06046800000000001
0.9873559999999998	-0.145592	0.06016000000000001
0.9877839999999998	-0.14852800000000002	0.062167999999999994
0.9872639999999998	-0.14666	0.061399999999999996
0.987144	-0.14773199999999997	0.06191200000000001
0.9877880000000002	-0.146496	0.062892
0.9895040000000002	-0.157104	-0.023063999999999994
0.99012	-0.157324	-0.027448
0.9885240000000001	-0.15739999999999998	-0.026639999999999997
0.9889159999999997	-0.15861200000000003	-0.028127999999999997
0.9946319999999998	-0.08991599999999998	0.01348
0.9959599999999998	-0.08657599999999999	0.019388000000000006
0.9960440000000002	-0.086428	0.019900000000000004
0.9951759999999998	-0.08766800000000002	0.019280000000000002
0.9964639999999999	-0.08695200000000002	0.019332000000000002
0.9958800000000002	-0.08836000000000001	0.019404
0.997284	-0.086136	0.019864000000000003
0.996452	-0.08643199999999998	0.019040000000000005
1.0002679999999997	-0.08165599999999999	0.020912
0.995568	-0.086444	0.022716000000000004
0.9963	-0.05671600000000001	0.036912
0.995156	-0.054608	0.036244
0.995664	-0.05600000000000001	0.03544800000000001
0.9962479999999999	-0.055548	0.03556000000000001
0.9964959999999998	-0.054223999999999994	0.037267999999999996
0.9947440000000001	-0.05447600000000001	0.040412
0.9951039999999999	-0.054048	0.038464
0.9972719999999999	-0.05336800000000001	0.041132
0.996268	-0.05524	0.03903999999999999
0.9942999999999997	-0.043264	0.052896
0.995328	-0.04043600000000001	0.05961199999999999
0.9947079999999999	-0.04128800000000001	0.05916
0.99588	-0.04001600000000001	0.06017199999999999
0.9951079999999999	-0.039072	0.05933599999999999
0.995088	-0.03958400000000001	0.060624000000000004
0.9965	-0.040036	0.060511999999999996
0.9937600000000002	-0.040848	0.05918800000000001
0.9947879999999999	-0.04296800000000001	0.05623199999999999
0.9949360000000002	-0.04195600000000001	0.05608
0.9958399999999997	-0.040119999999999996	0.055588
0.995724	-0.040063999999999995	0.05621600000000001
0.9922239999999997	-0.040292	0.05603999999999999
0.993356	-0.04008	0.056552000000000005
0.9951759999999998	-0.041744	0.055439999999999996
0.9952919999999998	-0.04041600000000001	0.056156000000000005
0.997556	-0.04130400000000001	0.053751999999999994
0.9993639999999999	-0.030359999999999995	0.05582000000000001
0.9951880000000002	-0.0301	0.056915999999999994
0.9963639999999999	-0.028492000000000007	0.056572000000000004
0.996148	-0.029552000000000002	0.056704000000000004
0.9952599999999999	-0.02928	0.054712
0.995824	-0.029687999999999996	0.055179999999999986
0.9963600000000001	-0.030240000000000003	0.057464
0.99684	-0.01686	0.047192
0.9957640000000001	-0.018792	0.044792000000000005
0.99524	-0.016976	0.05209199999999999
0.995328	-0.016891999999999997	0.050652
0.9973040000000001	-0.018104	0.05179600000000001
0.9948120000000001	-0.019856000000000006	0.049788000000000006
0.9961479999999999	-0.018436	0.050724
0.9942719999999998	-0.017992000000000005	0.05039200000000001
0.9964320000000001	-0.017360000000000004	0.05132400000000001
0.99638	-0.005436000000000001	0.044272
0.9953559999999999	-0.007435999999999999	0.04216000000000001
0.9951199999999999	-0.007103999999999999	0.043692
0.9977719999999998	-0.0075959999999999995	0.042755999999999995
0.9959960000000001	-0.007148	0.044064000000000006
-0.923776	-0.03982400000000001	0.017835999999999998
-1.0030399999999997	-0.040408	0.017984000000000003
-1.0029240000000001	-0.039852000000000005	0.018732000000000002
-1.003704	-0.040576	0.018544
-1.0029240000000004	-0.040268000000000005	0.018596
-1.002292	-0.040684000000000005	0.017636000000000002
-1.002888	-0.039964000000000006	0.017996
-1.0037519999999998	-0.04199599999999999	0.015824
-1.0028	-0.040684	0.017264
-1.002648	-0.04757200000000001	0.011679999999999998
-1.002424	-0.04775599999999999	0.011107999999999996
-1.002256	-0.048088000000000006	0.010584
-1.0027320000000002	-0.04702399999999999	0.012068
-1.0034440000000002	-0.04965599999999999	0.010283999999999998
-1.0031679999999998	-0.048808	0.011543999999999997
-1.0019959999999999	-0.04822000000000002	0.009796
-1.0039399999999998	-0.04808399999999999	0.011143999999999996
-1.0017200000000002	-0.048544000000000004	0.008204
-1.002924	-0.04794	0.008072
-1.0024520000000001	-0.050288000000000006	0.0071839999999999985
-1.004224	-0.04918799999999999	0.007843999999999997
-1.0036479999999999	-0.04952000000000001	0.007016
-1.00254	-0.049844	0.007515999999999999
-1.00312	-0.04902	0.006952000000000001
-1.004664	-0.050648	0.006076000000000001
-1.001936	-0.030028000000000003	0.015231999999999999
-1.00324	-0.029120000000000004	0.014663999999999996
-1.0029919999999999	-0.028692	0.015632
-1.0025519999999999	-0.029536000000000003	0.015275999999999998
-1.003244	-0.028811999999999997	0.015068
-1.0029640000000002	-0.029676	0.015832
-1.0028239999999997	-0.029387999999999997	0.015467999999999996
-1.0032879999999997	-0.029404	0.015427999999999999
-1.0018760000000002	-0.029444000000000005	0.015676
-1.003484	-0.04944799999999998	0.0009599999999999997
-1.0018	-0.05278000000000001	-0.0017800000000000001
-1.0023520000000001	-0.05236400000000001	-0.0021160000000000003
-1.003376	-0.053031999999999996	-0.001788
-1.002408	-0.05252400000000001	-0.0013040000000000003
-1.003244	-0.053456000000000004	-0.0024360000000000002
-1.001916	-0.053127999999999995	-0.00033600000000000014
-1.0021360000000004	-0.05329599999999998	-0.0019720000000000002
-1.0041319999999998	-0.05251200000000001	-0.0024
-1.003904	-0.061175999999999994	-0.016464
-1.0025400000000002	-0.060884	-0.016352
-1.001836	-0.061644	-0.017127999999999997
-1.0014960000000002	-0.06164000000000001	-0.017868
-1.001908	-0.061956000000000004	-0.015928
-1.0025799999999998	-0.061432	-0.016032
-1.00304	-0.061548	-0.015916
-1.0025040000000003	-0.06252400000000001	-0.015852
-1.001696	-0.06156	-0.015524
-1.0023920000000002	-0.061012	-0.015435999999999998
-1.0022680000000002	-0.064128	-0.031715999999999994
-1.0014599999999998	-0.06491999999999999	-0.032116
-1.002304	-0.06382800000000001	-0.034207999999999995
-1.0017319999999998	-0.06280800000000002	-0.03353999999999999
-1.0023440000000001	-0.06505599999999999	-0.033908
-1.0023440000000001	-0.063736	-0.033732000000000005
-1.0017240000000003	-0.06270400000000001	-0.055608
-1.0026599999999997	-0.06234	-0.056272
-1.001172	-0.06180000000000001	-0.05344400000000001
-1.0010959999999998	-0.06335600000000001	-0.055179999999999986
-1.001648	-0.061252	-0.055104
-1.002036	-0.06145200000000001	-0.056316
-1.002752	-0.06174	-0.055224
-1.0015200000000002	-0.061835999999999995	-0.05591600000000001
-1.00244	-0.054492000000000006	-0.053332000000000004
-1.0021640000000003	-0.05338799999999999	-0.053755999999999984
-1.0043	-0.053888	-0.05435599999999999
-1.0023760000000002	-0.052447999999999995	-0.05364399999999999
-1.001792	-0.052464	-0.054200000000000005
-1.003556	-0.05406	-0.052864
-1.0014880000000002	-0.052488	-0.055083999999999994
-1.0019520000000002	-0.053931999999999994	-0.055164
-1.002616	-0.052980000000000006	-0.05327199999999999
-1.0003920000000002	-0.10361599999999999	-0.037792000000000006
-1.000632	-0.104688	-0.03974800000000001
-0.99958	-0.10583199999999997	-0.037912
-0.999848	-0.105824	-0.038492000000000005
-0.9997360000000001	-0.106192	-0.039876
-0.9995519999999999	-0.10501599999999998	-0.03928
-1.0006960000000003	-0.10630800000000001	-0.038576
-0.9985199999999997	-0.10476800000000001	-0.04000399999999999
-1.000936	-0.101372	-0.044536
-1.000012	-0.10043200000000001	-0.0449
-0.9993200000000002	-0.09976399999999998	-0.045636
-1.0000600000000004	-0.10076799999999998	-0.04493999999999999
-1.000584	-0.099264	-0.044944000000000005
-0.99952	-0.10044	-0.04507200000000001
-1.00038	-0.10045599999999999	-0.047476000000000004
-1.0010679999999998	-0.09706400000000003	-0.056996000000000005
-1.0001719999999998	-0.09676399999999999	-0.055575999999999987
-1.0004680000000001	-0.097964	-0.057752000000000005
-0.9998440000000002	-0.09832400000000002	-0.058280000000000005
-1.000676	-0.09791199999999999	-0.05743600000000001
-1.0000560000000003	-0.097812	-0.056720000000000007
-0.99992	-0.09706799999999999	-0.056152
-1.000792	-0.080152	-0.07503200000000002
-1.000368	-0.07836399999999999	-0.07619600000000001
-1.00264	-0.07989600000000002	-0.07655200000000001
-1.000664	-0.07939199999999999	-0.074336
-0.9999040000000002	-0.078976	-0.07660000000000002
-0.9988079999999998	-0.07984	-0.07489600000000002
-0.9971079999999999	-0.07772399999999999	-0.07530800000000001
-1.0006440000000003	-0.05814000000000001	-0.08472399999999998
-1.0001039999999997	-0.057748	-0.08696399999999999
-1.00096	-0.057691999999999986	-0.08629999999999999
-1.001156	-0.058008000000000004	-0.08743599999999999
-1.000408	-0.059016	-0.08615600000000001
-1.001908	-0.058668000000000005	-0.08777599999999999
-0.9991320000000001	-0.05924400000000001	-0.08673599999999998
-0.999748	-0.059436	-0.08803600000000002
-1.0004800000000003	-0.048788	-0.08882799999999999
-1.00238	-0.046336	-0.09082399999999997
-1.0002760000000002	-0.044764	-0.090468
-1.0042799999999998	-0.040951999999999995	-0.08929999999999998
-1.0016880000000001	-0.044764000000000005	-0.090036
-1.000876	-0.045392	-0.09130400000000001
-1.001356	-0.04449200000000001	-0.089932
-1.001096	-0.043852	-0.088232
-0.9985640000000001	-0.04507200000000002	-0.09066800000000003
-1.0037280000000002	-0.04430800000000001	-0.09121599999999999
-1.0007240000000004	-0.04564399999999999	-0.09222
-1.00138	-0.029963999999999994	-0.087768
-1.0033039999999998	-0.028495999999999997	-0.083656
-1.0007679999999999	-0.029088	-0.085116
-1.002104	-0.027584000000000004	-0.08639199999999998
-1.002828	-0.026964000000000002	-0.08472800000000001
-1.002568	-0.026927999999999997	-0.08525600000000001
-1.0006680000000001	-0.028339999999999997	-0.08462799999999998
-1.0004239999999998	-0.02769199999999999	-0.08390800000000001
-1.0011280000000002	-0.026999999999999996	-0.08347199999999999
-1.0017760000000002	-0.027771999999999998	-0.08504400000000001
-1.001036	-0.027384	-0.084196
-0.9966959999999999	-0.002068	-0.08382400000000002
-1.0022119999999999	0.001096	-0.08122800000000002
-1.0006239999999997	0.0017839999999999998	-0.08313199999999998
-0.9993440000000002	0.0010040000000000001	-0.08185200000000002
-1.002756	0.0019879999999999997	-0.07973999999999999
-1.002928	0.0006879999999999997	-0.07999199999999998
-1.002252	0.000496	-0.08128800000000001
-1.000936	0.001088	-0.08219599999999999
-1.002176	0.0008720000000000002	-0.08098399999999999
-1.0016479999999996	-0.000388	-0.08165999999999998
-1.0014960000000004	-0.0013	-0.082868
-1.002408	-4.400000000000008e-05	-0.08190000000000001
-1.001524	0.0006479999999999999	-0.08200400000000001
-1.0007519999999999	0.00034	-0.081212
-1.0025959999999998	-0.00010000000000000002	-0.08134000000000001
-1.0013040000000002	-0.002284	-0.081236
-1.000884	-0.00048400000000000006	-0.080668
-1.000584	0.0014479999999999999	-0.07319200000000001
-1.0014920000000003	0.001912	-0.07228000000000001
-1.0026439999999999	0.0017680000000000005	-0.074656
-1.0017360000000002	0.00158	-0.07316
-0.9995640000000003	0.000608	-0.074652
-1.0041120000000001	0.0007959999999999997	-0.07348
-1.000328	0.003808	-0.07428000000000001
-1.00238	0.0009119999999999996	-0.07277200000000002
-1.0021080000000002	0.033184000000000005	-0.035579999999999994
-1.0021360000000001	0.034372	-0.03877200000000001
-1.0016960000000004	0.033527999999999995	-0.037432
-1.0024719999999998	0.033007999999999996	-0.037564
-1.001872	0.033332	-0.037828
-1.001476	0.034095999999999994	-0.039324
-1.0028640000000002	0.032904	-0.039324000000000005
-1.00268	0.034047999999999995	-0.040356
-1.0012920000000003	0.04310000000000001	-0.009196
-1.0013840000000003	0.042168000000000004	-0.009755999999999999
-1.0022559999999998	0.042156	-0.009256
-1.001588	0.04211200000000001	-0.010187999999999997
-0.9998640000000001	0.043552	-0.009748
-1.001984	0.044064	-0.008152
-1.0017520000000004	0.042952000000000004	-0.008859999999999998
-1.0021	0.04358000000000001	-0.008939999999999997
-1.000664	0.04358400000000001	-0.008771999999999999
-1.0016839999999998	0.045272	-0.008159999999999999
-1.001628	0.042472	-0.009779999999999999
-1.0016639999999999	0.037112000000000006	-0.0014399999999999997
-0.9999799999999998	0.039256000000000006	0.002788
-1.0023199999999999	0.036812000000000004	0.0026720000000000003
-1.0034560000000001	0.037868	0.0025
-1.0019359999999997	0.03811199999999999	0.001768
-1.002316	0.037624	0.0022280000000000004
-1.0016639999999999	0.037520000000000005	0.0015960000000000004
-1.0005440000000003	0.037596	0.0018559999999999998
-1.002192	0.027792000000000008	0.023703999999999992
-1.001996	0.026212	0.025940000000000005
-1.001896	0.027951999999999998	0.025695999999999993
-1.0010759999999999	0.027663999999999994	0.02402
-1.0006680000000001	0.027260000000000003	0.024571999999999993
-1.003744	0.027056	0.02726
-1.001312	0.027312000000000003	0.029532000000000003
-1.0011919999999999	0.016788	0.05077999999999999
-1.0020399999999998	0.016584	0.052516
-1.000464	0.015403999999999998	0.052644
-1.002124	0.015248000000000001	0.052444
-1.001236	0.015524	0.053308
-1.001052	0.015039999999999998	0.05248000000000002
-1.001984	0.006823999999999998	0.050871999999999994
-1.000832	0.008063999999999998	0.05387999999999999
-1.000128	0.007703999999999999	0.054088
-1.001644	0.007355999999999998	0.053456000000000004
-1.0010400000000002	0.008063999999999998	0.05235600000000001
-1.004924	0.008211999999999999	0.052656
-0.9974639999999998	0.008655999999999999	0.052700000000000004
-0.9996799999999999	0.007620000000000001	0.05324400000000001
-1.000704	0.008439999999999998	0.05257999999999999
-0.9977560000000003	0.007488000000000002	0.056080000000000005
-1.00178	-0.0024880000000000006	0.059040000000000016
-1.0001440000000001	-0.004512	0.05905999999999999
-1.0017960000000001	-0.004640000000000001	0.05913999999999999
-1.001076	-0.002504	0.0588
-1.000772	-0.0039440000000000005	0.058416
-1.001504	-0.004252000000000001	0.058468
-1.000936	-0.003744000000000001	0.059348
-1.001472	-0.003648	0.059196
-0.9979	-0.026788000000000003	0.077352
-1.0005079999999997	-0.027612	0.076116
-1.0002360000000001	-0.027956	0.07644800000000002
-0.9997680000000001	-0.028436000000000003	0.07751999999999999
-0.999868	-0.028495999999999994	0.076312
-1.00084	-0.028480000000000002	0.07754
-1.000956	-0.028884	0.07680000000000002
-1.000136	-0.028688	0.07567600000000002
-0.9989720000000001	-0.05540799999999999	0.07526000000000001
-0.9997119999999999	-0.05742	0.07566
-0.9989079999999998	-0.057603999999999995	0.07614800000000001
-0.9991360000000001	-0.05749200000000001	0.07499600000000001
-0.9987	-0.059416	0.07683200000000001
-0.9988680000000002	-0.05872399999999999	0.07667600000000001
-0.9997440000000001	-0.05694400000000001	0.07611200000000001
-0.9996560000000001	-0.057935999999999994	0.07664
-0.9984240000000001	-0.057396	0.07707999999999998
-1.0008240000000004	-0.057904	0.075564
-1.0002520000000001	-0.058644000000000016	0.07569200000000001
-0.9972399999999996	-0.09843600000000001	0.08218000000000002
-0.9970960000000001	-0.09937199999999997	0.081612
-0.9971080000000002	-0.09847199999999998	0.08300000000000002
-0.9971319999999999	-0.09923200000000001	0.080396
-0.9963879999999999	-0.09818799999999998	0.08182799999999998
-0.9977440000000003	-0.09910000000000001	0.08119200000000001
-0.996464	-0.09883599999999998	0.08117199999999998
-0.9956760000000001	-0.099452	0.082008
-0.9947480000000002	-0.098912	0.081696
-0.9982639999999999	-0.081848	0.06381200000000001
-0.9985360000000001	-0.08048399999999999	0.061096
-0.9994160000000001	-0.080972	0.06146
-0.9986080000000002	-0.081176	0.06316400000000001
-0.998116	-0.080984	0.061900000000000004
-0.9979399999999998	-0.08062	0.06184800000000001
-0.9994959999999999	-0.08134000000000001	0.06331999999999999
-0.99946	-0.08058799999999999	0.06258
-0.9992	-0.08029600000000002	0.062004000000000004
-1.000612	-0.08169999999999998	0.062432
-0.998396	-0.08108	0.060644
-0.9983600000000001	-0.07204800000000003	0.05586
-0.9993520000000001	-0.07274800000000001	0.05498399999999999
-1.0035319999999999	-0.07413200000000002	0.05492
-0.9988560000000001	-0.07375600000000002	0.05717200000000001
-1.000644	-0.074388	0.055355999999999995
-1.001012	-0.07370800000000002	0.053924
-1.00048	-0.07400800000000002	0.054624
-1.00012	-0.091424	0.045855999999999994
-0.998364	-0.091024	0.04800799999999999
-1.0002360000000001	-0.09219600000000001	0.04662800000000001
-1.00064	-0.09104000000000001	0.047696
-1.00058	-0.09130400000000001	0.04789200000000001
-0.9998600000000001	-0.09089599999999999	0.04705199999999999
-0.9994320000000001	-0.09160000000000001	0.04794
-0.9994680000000001	-0.091148	0.04754
-0.9999999999999999	-0.09106	0.04709999999999999
-1.0005439999999999	-0.091416	0.04890399999999999
-0.9994919999999999	-0.091052	0.04832800000000001
