0.001356	-0.01584	0.996996
0.004064000000000001	-0.016003999999999997	1.0040559999999998
0.002652	-0.015856	0.9966399999999999
0.00025999999999999987	-0.014235999999999995	0.9982799999999998
-3.600000000000003e-05	-0.015092	0.998044
0.01004	0.18166000000000004	0.9796480000000001
0.009352	0.18530799999999994	0.978912
0.009808	0.18614	0.977596
0.00736	0.18331999999999998	0.9777279999999997
0.004468000000000001	0.18414000000000005	0.974084
0.013699999999999999	0.37464400000000003	0.920648
0.010543999999999998	0.378144	0.9184520000000002
0.011439999999999997	0.3762919999999999	0.916296
0.010447999999999999	0.3756040000000001	0.9149640000000002
0.010184	0.37628799999999996	0.9164800000000001
0.018823999999999997	0.580112	0.79998
0.017612000000000003	0.5769439999999999	0.7971680000000002
0.01496	0.579864	0.7975000000000001
0.019567999999999995	0.5785279999999999	0.797968
0.014195999999999995	0.578256	0.7969399999999999
0.017828	0.5790919999999998	0.797192
0.02588	0.8311759999999999	0.5135640000000001
0.026604000000000003	0.8349040000000002	0.513316
0.025456	0.8323440000000001	0.514044
0.03204800000000001	0.8365640000000001	0.516012
0.024687999999999998	0.8327559999999999	0.513804
0.029508	0.9660160000000002	0.16349600000000003
0.02971200000000001	0.965472	0.16589599999999996
0.033656	0.9644879999999999	0.164888
0.02991600000000001	0.9627959999999999	0.167772
0.028680000000000004	0.9648800000000002	0.16400400000000004
0.029463999999999994	0.9719800000000001	-0.15352799999999997
0.030771999999999994	0.9722440000000002	-0.15328400000000003
0.029387999999999997	0.972384	-0.15144000000000002
0.027908000000000002	0.9707439999999999	-0.15326399999999998
0.031184000000000003	0.9702799999999999	-0.15384799999999998
0.027068	0.8378840000000001	-0.5319400000000001
0.028464	0.832076	-0.5484
0.03212000000000001	0.831404	-0.5456559999999999
0.02829599999999999	0.8317119999999999	-0.5476
0.029192000000000006	0.8346439999999999	-0.545628
0.02536399999999999	0.6805359999999999	-0.738632
0.02682	0.673112	-0.7451360000000001
0.026676000000000002	0.6768679999999999	-0.7466839999999999
0.026247999999999997	0.6757199999999999	-0.748312
0.025099999999999997	0.675704	-0.745268
0.021408	0.4998320000000001	-0.8853359999999999
0.022944	0.500268	-0.883472
0.021947999999999995	0.5014280000000001	-0.8824399999999999
0.020955999999999995	0.4991	-0.8839600000000002
0.019808	0.281856	-0.9805039999999999
0.015548000000000001	0.272716	-0.9867759999999999
0.016175999999999996	0.274544	-0.9865800000000001
0.013163999999999999	0.273196	-0.9862199999999999
0.016163999999999998	0.2770520000000001	-0.9846839999999998
0.006828000000000001	-0.006139999999999999	-1.0310679999999999
0.005352	-0.00478	-1.0308039999999996
0.0065000000000000014	-0.0037960000000000003	-1.0307799999999998
0.008323999999999998	0.000412	-1.03016
0.006327999999999998	-0.0059	-1.027868
0.0024920000000000003	-0.30234	-0.9866199999999999
0.0031640000000000006	-0.307556	-0.9903879999999998
0.0033280000000000002	-0.307504	-0.9887319999999998
0.0018160000000000001	-0.31092	-0.987448
0.0014759999999999999	-0.306192	-0.9868359999999999
0.003316	-0.30250000000000005	-0.988144
-0.005376000000000001	-0.5628080000000001	-0.8652639999999998
-0.008147999999999999	-0.577552	-0.858336
-0.006619999999999998	-0.574532	-0.8592640000000001
-0.005548	-0.574512	-0.861908
-0.007275999999999998	-0.578416	-0.8589279999999999
-0.014587999999999999	-0.8230759999999999	-0.620136
-0.017124	-0.8280239999999999	-0.6143159999999999
-0.016871999999999998	-0.8276160000000001	-0.6173799999999999
-0.019648000000000002	-0.8275960000000001	-0.61598
-0.020540000000000003	-0.824464	-0.6192040000000001
-0.021608000000000006	-0.9303080000000001	-0.43478800000000006
-0.022264000000000003	-0.92998	-0.4365999999999999
-0.019468	-0.9303319999999999	-0.439276
-0.019348000000000004	-0.930092	-0.4410160000000001
-0.021163999999999995	-0.9291719999999998	-0.43867199999999995
-0.020160000000000004	-0.9720359999999999	-0.331596
-0.024675999999999997	-0.9706520000000001	-0.32687600000000006
-0.024355999999999996	-0.9727360000000002	-0.327132
-0.022691999999999997	-0.9730319999999999	-0.3261679999999999
-0.022599999999999995	-0.97352	-0.3239599999999999
-0.023399999999999997	-0.9964839999999998	-0.2391
-0.023227999999999995	-0.9991720000000001	-0.23971200000000004
-0.021895999999999992	-0.9981559999999999	-0.24277599999999994
-0.024119999999999996	-0.9964520000000003	-0.24002799999999996
-0.028503999999999995	-0.994396	-0.23761600000000002
-0.03547199999999999	-1.0142639999999998	0.08207600000000001
-0.03488	-1.0136960000000002	0.098964
-0.03426799999999999	-1.013108	0.09951199999999999
-0.03446799999999999	-1.01384	0.09855599999999999
-0.035095999999999995	-1.0135360000000002	0.09694400000000002
-0.007811999999999998	-0.9028759999999998	0.45575999999999994
-0.00592	-0.901752	0.46023600000000003
-0.0036720000000000004	-0.9043559999999999	0.459624
-0.005180000000000001	-0.9020239999999999	0.46098000000000006
-0.0059960000000000005	-0.9019280000000001	0.459812
-0.001076	-0.7271520000000001	0.697076
-0.0015600000000000002	-0.73028	0.6979079999999999
-0.002052	-0.7282	0.698236
-0.004236	-0.7295640000000003	0.6978960000000001
-0.004184	-0.7303359999999999	0.6974359999999998
-0.006216	-0.4335000000000001	0.906316
-0.005643999999999999	-0.42756000000000005	0.9085239999999999
-0.004392000000000001	-0.4286319999999999	0.90726
-0.00506	-0.428788	0.9102280000000001
-0.005143999999999999	-0.42822399999999994	0.908668
-0.0038840000000000003	-0.2339	0.973708
-0.0036640000000000006	-0.230884	0.97508
-0.0041600000000000005	-0.23315600000000006	0.97606
-0.004740000000000001	-0.235168	0.972108
-0.003676000000000001	-0.23525599999999997	0.974468
-0.0015	-0.06302400000000001	0.9985679999999998
-0.0022640000000000004	-0.06406399999999998	0.9941600000000002
0.000396	-0.06210399999999999	0.9981479999999999
-0.001088	-0.06654	0.9954040000000001
-0.00102	-0.064988	0.993632
-0.014071999999999998	0.023268	1.0026039999999998
-0.009396000000000002	0.026492000000000005	0.9983239999999999
-0.011199999999999996	0.02112	0.9985160000000001
-0.010623999999999998	0.020735999999999997	0.99482
-0.015656	0.020728	0.998072
-0.016503999999999998	-0.209164	0.9793719999999999
-0.013828	-0.22007599999999994	0.9792439999999999
-0.015931999999999995	-0.22211199999999998	0.9836720000000002
-0.012767999999999996	-0.222516	0.983244
-0.012355999999999999	-0.22047200000000003	0.9766519999999999
-0.016551999999999997	-0.42906799999999995	0.9142960000000001
-0.015588	-0.42944800000000005	0.91326
-0.015704	-0.43055200000000016	0.914904
-0.012903999999999997	-0.426584	0.9072000000000001
-0.017891999999999998	-0.429512	0.910504
-0.01544	-0.587792	0.820856
-0.015116000000000001	-0.587636	0.8236399999999999
-0.016423999999999998	-0.5849240000000001	0.8197279999999998
-0.015499999999999996	-0.585828	0.8196880000000002
-0.01634	-0.5853280000000001	0.8269000000000001
-0.017512	-0.785424	0.6501439999999999
-0.017528000000000002	-0.784204	0.640144
-0.012983999999999996	-0.7832520000000003	0.642872
-0.016112	-0.7851599999999999	0.6423359999999999
-0.016319999999999998	-0.78586	0.643816
-0.013872	-0.8679120000000001	0.5188
-0.014647999999999996	-0.872812	0.5194759999999999
-0.013276	-0.869292	0.5185559999999999
-0.015391999999999994	-0.8723959999999998	0.520512
-0.012799999999999999	-0.870916	0.5152279999999999
-0.013139999999999995	-0.959688	0.33591600000000005
-0.0074199999999999995	-0.9603679999999999	0.33581999999999995
-0.011251999999999998	-0.9572240000000001	0.33599199999999996
-0.010211999999999997	-0.9596439999999999	0.33351600000000003
-0.012035999999999998	-0.9612360000000001	0.3311
-0.007011999999999999	-0.9955279999999999	0.21445600000000004
-0.008036	-0.995324	0.213928
-0.006756	-0.9954160000000001	0.20822
-0.0076879999999999995	-0.9949719999999997	0.21560800000000005
-0.009727999999999997	-0.9957600000000001	0.21904
-0.005920000000000001	-1.008284	0.157336
-0.009567999999999998	-1.008652	0.15786799999999998
-0.009447999999999998	-1.007384	0.15103200000000006
-0.0075959999999999995	-1.00558	0.15608
-0.0027120000000000004	-1.005684	0.15428
-0.013075999999999997	-1.02094	-0.05609599999999999
-0.011075999999999999	-1.019708	-0.06268800000000002
-0.014471999999999999	-1.0219919999999998	-0.06274800000000001
-0.013895999999999999	-1.020292	-0.06301999999999999
-0.014179999999999996	-1.0198399999999999	-0.065864
-0.011575999999999996	-0.9596079999999999	-0.3755640000000001
-0.012871999999999995	-0.9571799999999999	-0.377204
-0.012047999999999996	-0.9593200000000002	-0.37587600000000004
-0.012648	-0.958156	-0.38086000000000003
-0.014243999999999996	-0.9584039999999999	-0.374
-0.013363999999999997	-0.904748	-0.49417599999999995
-0.012167999999999997	-0.900748	-0.50498
-0.013359999999999993	-0.9006400000000001	-0.503792
-0.010151999999999996	-0.898388	-0.5044280000000001
-0.008655999999999999	-0.897192	-0.5044000000000001
-0.005564	-0.7301359999999998	-0.729704
-0.008159999999999999	-0.725556	-0.7458120000000001
-0.0034600000000000004	-0.7249199999999999	-0.737128
-0.007599999999999998	-0.7290399999999999	-0.737328
-0.005252	-0.724344	-0.7389600000000001
-0.001364	-0.49385600000000013	-0.9094359999999999
-0.0016719999999999999	-0.49454	-0.91318
-0.002676	-0.49494000000000016	-0.9191759999999999
-0.0019200000000000007	-0.49456799999999995	-0.9184919999999999
-0.0032840000000000005	-0.496524	-0.9195800000000002
0.0036760000000000004	-0.3209480000000001	-0.996956
0.004712000000000001	-0.3149	-0.9940799999999997
0.0014480000000000007	-0.315868	-0.989128
0.002424	-0.3159759999999999	-0.9959880000000001
0.0018680000000000003	-0.31414	-0.9890520000000003
0.006684	-0.10898000000000002	-1.03652
0.005392	-0.10455200000000002	-1.0314640000000002
0.005452000000000001	-0.10325200000000001	-1.030816
0.0009360000000000003	-0.105468	-1.0299880000000001
0.005228	-0.107024	-1.03662
0.0054080000000000005	-0.022368000000000002	-1.0397040000000002
0.008179999999999998	-0.023975999999999997	-1.0335039999999998
0.007068	-0.023531999999999997	-1.03508
0.009379999999999998	-0.020791999999999998	-1.034144
0.010548	-0.025407999999999997	-1.0344480000000003
0.011007999999999995	0.22395999999999996	-1.006792
0.010771999999999995	0.22563200000000003	-1.0059559999999999
0.012311999999999997	0.22548	-1.007188
0.011735999999999995	0.22258000000000003	-1.00486
0.011871999999999995	0.223868	-1.0088639999999998
0.011255999999999999	0.38860799999999995	-0.9564080000000001
0.012579999999999996	0.38759200000000005	-0.9503599999999998
0.009971999999999998	0.385664	-0.9481879999999999
0.013511999999999998	0.38726	-0.948884
0.012915999999999993	0.3858400000000001	-0.9484039999999999
0.015651999999999996	0.546392	-0.8591039999999999
0.013796	0.544068	-0.857328
0.018476	0.544284	-0.85722
0.014799999999999995	0.543716	-0.862752
0.014295999999999998	0.546408	-0.8608640000000001
0.011636	0.5440320000000001	-0.8629320000000004
0.015676	0.7564359999999999	-0.6586200000000001
0.017628000000000005	0.756892	-0.6528360000000001
0.016656	0.7579680000000001	-0.6596719999999999
0.016996	0.758576	-0.657512
0.014964	0.7576600000000002	-0.6595960000000002
0.021272	0.8897879999999999	-0.4434920000000001
0.013415999999999999	0.8910239999999997	-0.44015599999999994
0.014488	0.8915839999999997	-0.438416
0.016159999999999997	0.890484	-0.43449600000000005
0.015175999999999999	0.8931840000000001	-0.436548
0.015351999999999994	0.9744800000000001	-0.14462399999999997
0.016539999999999996	0.975336	-0.14104799999999995
0.013735999999999996	0.9759280000000001	-0.14369200000000001
0.011435999999999997	0.9718160000000001	-0.14568000000000003
0.009792	0.9686599999999999	-0.152688
0.007972	0.978056	0.060543999999999994
0.013131999999999994	0.97922	0.06845599999999999
0.013599999999999994	0.977872	0.06896
0.013384	0.9789519999999997	0.069348
0.008288	0.976164	0.06941600000000002
0.013127999999999996	0.907736	0.359084
0.009739999999999999	0.9023639999999997	0.36744
0.013011999999999994	0.905508	0.371672
0.01282	0.90522	0.36638800000000005
0.008855999999999998	0.9039159999999999	0.37250400000000006
0.006776000000000001	0.8349840000000002	0.50656
0.008487999999999997	0.8341559999999998	0.5136160000000001
0.008487999999999997	0.835728	0.5102520000000001
0.009511999999999996	0.834936	0.5088360000000002
0.007712	0.8329599999999999	0.5111240000000001
0.004116000000000001	0.7152680000000001	0.670976
0.0025600000000000006	0.714344	0.6763640000000001
0.00184	0.713544	0.6677799999999999
0.0036520000000000003	0.7192919999999999	0.6653080000000001
0.001092	0.715052	0.671748
-0.00182	0.5733360000000002	0.796348
-0.00272	0.566412	0.8012520000000001
-0.0014240000000000004	0.5654239999999999	0.8093600000000002
-0.003956	0.5669200000000001	0.805176
-0.002968	0.5686439999999999	0.8083760000000001
-0.005416000000000001	0.42302800000000007	0.8926520000000001
-0.005876000000000001	0.41958000000000006	0.88874
-0.006748	0.425632	0.8886
-0.00554	0.4243599999999999	0.8867120000000002
-0.006008	0.4240600000000001	0.8923160000000001
-0.009447999999999998	0.24101200000000006	0.95588
-0.010803999999999996	0.24058	0.9586719999999999
-0.011579999999999997	0.24233200000000008	0.9636959999999999
-0.007347999999999998	0.24266000000000001	0.9612559999999999
-0.010831999999999998	0.24050800000000006	0.9553559999999998
-0.013651999999999997	0.013243999999999995	0.9935680000000001
-0.013663999999999996	0.011171999999999994	0.9947
-0.015296	0.00846	0.9950640000000002
-0.014692	0.013683999999999997	0.9970960000000001
-0.012223999999999999	0.012047999999999996	0.9955880000000001
-0.02114	-0.0074839999999999985	0.996724
-0.014159999999999996	-0.0017840000000000009	0.9941600000000003
-0.016624000000000003	-0.0066159999999999995	0.9939040000000001
-0.019488	-0.0060799999999999995	0.99206
-0.019191999999999997	-0.008435999999999999	0.9923440000000001
0.15548400000000004	-0.010035999999999998	0.9831719999999998
0.15516	-0.008432	0.9826
0.15343599999999996	-0.013199999999999996	0.9842159999999999
0.1554	-0.012947999999999994	0.9812159999999999
0.012396	-0.011499999999999995	0.9941160000000001
0.009212	-0.013675999999999999	0.997728
0.009156	-0.009379999999999998	0.9966999999999999
-0.20513599999999993	0.0008999999999999997	0.9757960000000001
-0.217468	-0.005567999999999998	0.9788760000000002
-0.21655999999999997	-0.002516	0.9671879999999998
-0.21509600000000006	0.002484	0.975996
-0.25858800000000004	0.0024720000000000007	0.9620160000000001
-0.260316	0.002164	0.9620960000000001
-0.261496	0.0008240000000000002	0.9626560000000001
-0.26198799999999994	-0.0006279999999999998	0.962108
-0.262252	-0.0012879999999999996	0.9670079999999999
-0.259548	0.0027720000000000006	0.9632320000000004
-0.34234000000000003	0.005696	0.937984
-0.347848	0.005152000000000001	0.939144
-0.343968	0.008451999999999998	0.9269359999999999
-0.346232	0.004584000000000001	0.9441559999999999
-0.3434199999999999	0.00862	0.935148
0.30755200000000005	-0.030312000000000006	0.9213080000000002
0.33110800000000007	-0.026323999999999997	0.9363999999999999
0.33798399999999995	-0.025736	0.9361200000000001
0.330912	-0.029384000000000007	0.9390599999999999
0.33446	-0.025604000000000002	0.93172
0.47136799999999995	-0.023784	0.863948
0.4736560000000001	-0.03569599999999999	0.871896
0.472364	-0.027767999999999994	0.876256
0.471068	-0.03494000000000001	0.8691160000000001
0.461796	-0.031796	0.875672
0.597708	-0.023624000000000006	0.7849119999999999
0.603604	-0.023492	0.788476
0.6025879999999999	-0.024116000000000005	0.7863679999999998
0.601404	-0.0265	0.7841320000000003
0.695064	-0.022731999999999995	0.7173720000000001
0.695932	-0.019740000000000004	0.7120839999999999
0.698596	-0.015936	0.701972
0.693612	-0.017515999999999997	0.7204200000000001
0.697704	-0.017672	0.7093359999999999
0.6928719999999999	-0.023808	0.704632
0.8182640000000001	-0.033928	0.5551000000000001
0.81824	-0.03685600000000001	0.5546000000000001
0.8218519999999999	-0.030564	0.553808
0.8197199999999999	-0.028063999999999995	0.5568
0.816992	-0.03575200000000001	0.558024
0.818948	-0.032204	0.552004
0.9216000000000001	-0.033091999999999996	0.36368799999999996
0.9279799999999999	-0.027708	0.355484
0.9198360000000001	-0.035371999999999994	0.365248
0.9259080000000002	-0.030511999999999994	0.35863999999999996
0.9226519999999997	-0.033327999999999997	0.35878800000000005
0.9715600000000001	-0.039984	0.17259999999999998
0.9752	-0.03544	0.17635199999999998
0.9824760000000003	-0.031444	0.177444
0.9805319999999998	-0.034303999999999994	0.177336
0.96828	-0.048415999999999994	0.169188
0.980788	-0.034707999999999996	0.17092399999999996
0.990332	-0.036792000000000005	-0.06483999999999998
0.994528	-0.03652400000000001	-0.07953199999999999
0.9969400000000002	-0.035084	-0.081024
0.9721959999999998	-0.037592	-0.25896399999999997
0.9691200000000001	-0.03802	-0.25005999999999995
0.9686160000000001	-0.044087999999999995	-0.257208
0.9745120000000002	-0.038104	-0.260388
0.9336040000000001	-0.038876	-0.36796399999999996
0.9296000000000001	-0.045608	-0.37762799999999996
0.9296880000000001	-0.046816	-0.3727400000000001
0.932512	-0.04088	-0.37890799999999997
0.9345200000000001	-0.041476000000000006	-0.373596
0.8752759999999998	-0.044648	-0.51494
0.8735	-0.042176	-0.5113639999999999
0.8749759999999999	-0.04564400000000001	-0.511632
0.87256	-0.043104	-0.508944
0.8043640000000001	-0.049092	-0.6218440000000001
0.8071079999999999	-0.04380800000000001	-0.617352
0.8068599999999999	-0.044808	-0.617756
0.80486	-0.04986399999999999	-0.6175799999999998
0.8067120000000001	-0.046004	-0.6200600000000001
0.7346759999999999	-0.045124	-0.707872
0.732816	-0.045604000000000006	-0.7126560000000001
0.7311960000000002	-0.04485199999999999	-0.7128199999999998
0.731316	-0.045104	-0.71244
0.7317439999999997	-0.046584	-0.711584
0.611896	-0.043823999999999995	-0.822808
0.6047920000000001	-0.046872	-0.825836
0.6048039999999999	-0.045136	-0.8256039999999999
0.60512	-0.046348	-0.825484
0.6065600000000001	-0.044204	-0.8288199999999999
0.42310799999999993	-0.04534	-0.9422880000000002
0.421776	-0.046116000000000004	-0.9422039999999999
0.41950000000000004	-0.045852000000000004	-0.9419799999999999
0.4239280000000001	-0.04482	-0.9431680000000001
0.419556	-0.04370800000000001	-0.941012
0.41958799999999996	-0.044128	-0.9383800000000001
0.30378400000000005	-0.041595999999999994	-0.9873920000000002
0.2993080000000001	-0.040608000000000005	-0.993676
0.297872	-0.041192	-0.9868640000000001
0.29758	-0.03948000000000001	-0.9881640000000002
0.296744	-0.040972	-0.9920160000000002
0.29840000000000005	-0.040816	-0.993048
0.168992	-0.037372	-1.02204
0.16511599999999999	-0.03828399999999999	-1.0215720000000001
0.16627600000000003	-0.03912	-1.0225000000000002
0.16508	-0.038436	-1.021664
0.167684	-0.03863200000000001	-1.024548
-0.07062000000000002	-0.018347999999999996	-1.026576
-0.07994399999999999	-0.017116	-1.0403360000000001
-0.07536800000000002	-0.015988	-1.0365839999999997
-0.07908399999999999	-0.019192	-1.036808
-0.074976	-0.015047999999999999	-1.0347159999999997
-0.240004	-0.018059999999999996	-1.0110400000000002
-0.24705599999999997	-0.018827999999999998	-1.0018520000000002
-0.24466	-0.018288	-1.007724
-0.244884	-0.019308000000000002	-1.004504
-0.243072	-0.017928	-1.004708
-0.15856	-0.026631999999999992	0.9054599999999999
-0.15989600000000004	-0.038584	0.9871519999999999
-0.15606	-0.036143999999999996	0.9825959999999999
-0.15699600000000002	-0.033668	0.987216
-0.158476	-0.03854	0.9868480000000001
-0.012707999999999997	-0.03614000000000001	0.999252
-0.006288	-0.03944799999999998	0.99728
-0.004804	-0.03666	0.9906280000000001
-0.00598	-0.03874399999999999	1.000968
-0.005044000000000001	-0.035508000000000005	0.9949520000000001
0.174204	-0.039520000000000007	0.9715
0.180092	-0.037927999999999996	0.9816920000000002
0.18416399999999997	-0.03611600000000001	0.9716719999999998
0.18116800000000002	-0.039224	0.9848960000000001
0.18666799999999997	-0.037520000000000005	0.9719919999999999
0.31788	-0.035532	0.938452
0.320416	-0.035991999999999996	0.9397280000000001
0.320748	-0.0333	0.9371279999999997
0.32074	-0.03526	0.9371799999999999
0.32086800000000004	-0.031852	0.9401800000000001
0.31966	-0.034552000000000006	0.9399959999999998
0.38244	-0.04121199999999999	0.903456
0.389788	-0.03703999999999999	0.917024
0.38843599999999995	-0.03634	0.9167000000000002
0.384912	-0.037496	0.9157
0.38920799999999994	-0.039624	0.9148119999999997
0.4546439999999999	-0.037764	0.883936
0.45182799999999995	-0.03791599999999999	0.88034
0.454772	-0.037304000000000004	0.8822319999999999
0.4497880000000001	-0.043692	0.883172
0.457656	-0.036524	0.886916
0.4541000000000001	-0.039996	0.874672
0.5369360000000001	-0.04196	0.83026
0.5388759999999999	-0.040116	0.8239560000000001
0.5385720000000002	-0.040708	0.823128
0.5383600000000001	-0.0424	0.8280639999999999
0.544036	-0.041904	0.827068
0.6373319999999999	-0.034512	0.7639239999999999
0.6386080000000001	-0.036168	0.7684600000000001
0.6357399999999999	-0.034632	0.760508
0.639852	-0.034088	0.7612439999999999
0.636536	-0.034980000000000004	0.7609559999999999
0.638344	-0.032496000000000004	0.7637959999999998
0.7206999999999999	-0.03552400000000001	0.680508
0.7244799999999999	-0.03306799999999999	0.673372
0.723124	-0.040004	0.6734920000000001
0.7244799999999999	-0.034532	0.6762239999999998
0.7235920000000001	-0.037276000000000004	0.6784160000000001
0.7840400000000001	-0.03836400000000001	0.611832
0.7860160000000002	-0.03719999999999999	0.59884
0.7806000000000001	-0.03897599999999999	0.5826799999999999
0.7807599999999998	-0.039768000000000005	0.5966880000000001
0.786176	-0.035128000000000006	0.6025520000000001
0.7889800000000001	-0.036087999999999995	0.600988
0.837968	-0.042199999999999994	0.540196
0.835052	-0.044456000000000016	0.511464
0.8331120000000002	-0.043848000000000005	0.5159759999999999
0.839592	-0.041104	0.535116
0.8379879999999998	-0.041816000000000006	0.5348519999999999
0.9185999999999999	-0.042036000000000004	0.376036
0.9216000000000001	-0.041996000000000006	0.38025200000000003
0.9192	-0.049747999999999994	0.35766000000000003
0.9150399999999999	-0.04588000000000001	0.35986000000000007
0.9165639999999999	-0.04826	0.352172
0.990824	-0.05099600000000001	0.100396
0.987196	-0.05219199999999999	0.09754000000000003
0.985232	-0.05402799999999999	0.090096
0.9929999999999999	-0.04501599999999999	0.11640399999999998
0.98776	-0.04741199999999999	0.111972
0.990048	-0.052068	0.10131600000000002
0.9942760000000004	-0.05532400000000001	-0.11814799999999998
0.9897079999999999	-0.059752	-0.12831599999999999
0.9907720000000002	-0.055084000000000015	-0.12533200000000003
0.9931879999999998	-0.05109999999999999	-0.12359999999999999
0.993692	-0.052752	-0.122576
0.9921639999999998	-0.051795999999999995	-0.12443199999999997
0.9605680000000001	-0.054215999999999986	-0.28823999999999994
0.9625400000000001	-0.06499999999999999	-0.288768
0.9027840000000001	-0.09484400000000001	-0.37316000000000005
0.9619759999999999	-0.05419999999999999	-0.292304
0.9627679999999998	-0.058567999999999995	-0.29687600000000003
0.9287960000000001	-0.055743999999999995	-0.3931
0.924276	-0.05514	-0.40492000000000006
0.9253560000000001	-0.05265199999999999	-0.40171200000000007
0.9254720000000001	-0.05303199999999999	-0.40126399999999995
0.9251520000000001	-0.05455200000000002	-0.401176
0.9260400000000001	-0.054307999999999995	-0.40464400000000006
0.84244	-0.05932000000000001	-0.5709080000000001
0.8400200000000001	-0.051632000000000004	-0.5761959999999999
0.8401880000000002	-0.05234	-0.564472
0.8391839999999999	-0.05761600000000001	-0.572784
0.83934	-0.05592	-0.5773839999999999
0.839388	-0.055052000000000004	-0.576916
0.743508	-0.060448000000000016	-0.7134400000000001
0.7432079999999999	-0.051632000000000004	-0.713124
0.7397199999999999	-0.05661999999999999	-0.7075599999999999
0.7365439999999999	-0.052155999999999994	-0.7091239999999999
0.735804	-0.053048000000000005	-0.7138959999999999
0.735492	-0.04908799999999999	-0.705384
0.7328840000000001	-0.05443599999999999	-0.7111439999999999
0.664812	-0.055512	-0.779392
0.660228	-0.05870800000000001	-0.7793640000000001
0.6617039999999998	-0.055864000000000004	-0.785548
0.659792	-0.053299999999999986	-0.7801359999999999
0.661776	-0.05394000000000001	-0.7842359999999998
0.659528	-0.05104399999999999	-0.7841239999999999
0.543436	-0.043928	-0.8783359999999999
0.539564	-0.041116000000000014	-0.868552
0.5434559999999999	-0.043864	-0.8848560000000001
0.540876	-0.041688	-0.8822279999999999
0.5427960000000001	-0.048835999999999984	-0.8853399999999999
0.42080399999999996	-0.044139999999999985	-0.9369840000000003
0.41153600000000007	-0.04922000000000001	-0.9504879999999999
0.418944	-0.045096	-0.9571839999999997
0.42596399999999995	-0.052048	-0.9496240000000001
0.412384	-0.040844	-0.932148
0.31199600000000005	-0.037559999999999996	-0.975452
0.31242	-0.035448	-0.995316
0.31172000000000005	-0.037464	-0.987352
0.31594399999999995	-0.035428	-0.9897
0.31186800000000003	-0.040268	-0.977884
0.179776	-0.04485199999999999	-1.023868
0.17486400000000002	-0.037267999999999996	-1.0270519999999999
0.184404	-0.033412000000000004	-1.0235840000000003
0.18462800000000001	-0.041488000000000004	-1.0033959999999997
0.17788800000000002	-0.043212	-1.0181080000000002
-0.08027200000000001	-0.022968	0.992716
-0.07998	-0.027135999999999997	0.991652
-0.082756	-0.025639999999999996	0.9957959999999999
-0.081352	-0.025688	0.991228
-0.07901999999999999	-0.023955999999999998	0.994492
-0.24105599999999996	-0.034083999999999996	0.966464
-0.24363600000000005	-0.032619999999999996	0.96734
-0.24361199999999994	-0.031016000000000002	0.9648479999999999
-0.248512	-0.03422	0.9592800000000004
-0.256016	-0.030063999999999997	0.9586160000000001
-0.24769199999999997	-0.032212	0.9670079999999999
-0.36907599999999996	-0.026543999999999998	0.9230999999999999
-0.3730320000000001	-0.03253999999999999	0.924824
-0.370988	-0.02892400000000001	0.926288
-0.37066799999999994	-0.029647999999999997	0.929692
-0.37350799999999995	-0.03026	0.922736
-0.483532	-0.029724	0.8717639999999999
-0.486692	-0.027983999999999995	0.8682560000000001
-0.4871399999999999	-0.029135999999999992	0.8721000000000001
-0.484908	-0.02846	0.8669920000000001
-0.486684	-0.03231200000000001	0.8704280000000001
-0.4851479999999999	-0.030156000000000002	0.8712040000000001
-0.613012	-0.029956	0.7914080000000001
-0.614004	-0.029828	0.7864839999999998
-0.61354	-0.02907199999999999	0.7877720000000002
-0.6155639999999999	-0.027332000000000002	0.78848
-0.6189600000000001	-0.029200000000000004	0.78054
-0.691008	-0.023499999999999997	0.716852
-0.696276	-0.024480000000000005	0.7140880000000002
-0.6938720000000003	-0.024456000000000002	0.7163240000000002
-0.6943640000000001	-0.024792	0.720092
-0.6929519999999999	-0.024048000000000003	0.7209559999999999
-0.809476	-0.022464000000000005	0.5791359999999999
-0.8099279999999999	-0.023687999999999997	0.5790080000000001
-0.815624	-0.024523999999999994	0.5755560000000001
-0.8118599999999998	-0.023335999999999996	0.575944
-0.8182200000000001	-0.023012	0.578436
-0.9369479999999999	-0.020844	0.34367600000000004
-0.9373880000000002	-0.020763999999999994	0.3427000000000001
-0.9378160000000001	-0.022243999999999996	0.34448800000000007
-0.9368159999999999	-0.020236	0.340608
-0.9378199999999999	-0.020968	0.34048399999999995
-0.9800760000000001	-0.021231999999999994	0.21084399999999995
-0.9764840000000004	-0.021388000000000004	0.21192400000000006
-0.9777000000000002	-0.021012	0.20836399999999997
-0.97536	-0.020071999999999996	0.21039199999999997
-0.979016	-0.017672	0.21644799999999997
-0.973444	-0.019196	0.214848
-0.996976	-0.016536000000000002	0.032311999999999994
-1.0007119999999998	-0.018452000000000003	0.033476000000000006
-1.002268	-0.018588	0.03210400000000001
-0.9979839999999999	-0.0188	0.03872
-0.9920079999999999	-0.006603999999999999	-0.13693199999999997
-0.9933200000000001	-0.008856	-0.146448
-0.9937760000000001	-0.008139999999999998	-0.15064399999999997
-0.9927160000000002	-0.006384	-0.15049599999999996
-0.9945999999999997	-0.005576	-0.149428
-0.9559200000000003	-0.011187999999999998	-0.330336
-0.9577599999999998	-0.015251999999999998	-0.33706800000000003
-0.9513799999999999	-0.013455999999999997	-0.33700800000000003
-0.95286	-0.010287999999999997	-0.334324
-0.952568	-0.007840000000000001	-0.33265999999999996
-0.8826719999999999	-0.009703999999999997	-0.494296
-0.8841999999999999	-0.010807999999999998	-0.49806799999999996
-0.883512	-0.010547999999999997	-0.497024
-0.8854600000000002	-0.011539999999999996	-0.5021800000000002
-0.8840199999999999	-0.010287999999999997	-0.5013920000000001
-0.8824799999999999	-0.009300000000000001	-0.4920360000000001
-0.7825680000000002	-0.010304	-0.6547759999999999
-0.7804880000000002	-0.011955999999999998	-0.6550599999999999
-0.7805599999999999	-0.010096	-0.6504200000000001
-0.7807040000000001	-0.012407999999999999	-0.6578560000000002
-0.781956	-0.013324	-0.6594520000000001
-0.6380959999999999	-0.021343999999999995	-0.805252
-0.6337800000000002	-0.017004000000000005	-0.808448
-0.629148	-0.010279999999999997	-0.8066959999999999
-0.6354799999999999	-0.023267999999999997	-0.8072080000000001
-0.6318959999999999	-0.01946	-0.8097279999999999
-0.631884	-0.017588000000000003	-0.8054680000000002
-0.46056800000000003	-0.016355999999999996	-0.9250400000000001
-0.4559720000000001	-0.014887999999999995	-0.9285760000000002
-0.4556560000000001	-0.013479999999999997	-0.9233560000000002
-0.45498000000000005	-0.014355999999999997	-0.921452
-0.453128	-0.011287999999999998	-0.926988
-0.455088	-0.01402	-0.926988
-0.281624	-0.016888	-0.9961760000000001
-0.2765000000000001	-0.013368	-0.9966160000000001
-0.275444	-0.014243999999999996	-0.9964200000000001
-0.283768	-0.013167999999999997	-0.9902120000000001
-0.27778400000000003	-0.013275999999999996	-0.9946440000000001
-0.281696	-0.015448	-0.9973479999999999
-0.09797200000000002	-0.018156000000000002	-1.0262880000000003
-0.09490799999999998	-0.017603999999999995	-1.0323640000000003
-0.10137599999999997	-0.018544	-1.027304
-0.097696	-0.016992	-1.032668
-0.100372	-0.018776	-1.0297079999999996
0.06596	-0.021935999999999997	-1.033224
0.068324	-0.02189199999999999	-1.0341399999999998
0.06584799999999999	-0.021592000000000004	-1.035356
0.06653999999999999	-0.021751999999999997	-1.035128
0.068092	-0.020147999999999996	-1.0371080000000001
0.08655199999999999	-0.022376000000000004	0.9882719999999999
0.087712	-0.02222	0.9915600000000003
0.08714799999999999	-0.02412	0.9929679999999999
0.08840800000000001	-0.021744	0.9901640000000002
0.08512	-0.02252	0.9879719999999999
-0.030796	-0.01854	0.9998039999999999
-0.0377	-0.017063999999999996	0.9958
-0.0397	-0.018532	0.9968600000000002
-0.035323999999999994	-0.018243999999999996	0.998432
-0.03652400000000001	-0.016947999999999998	0.9945320000000002
-0.207384	-0.014504	0.9725280000000002
-0.20082	-0.014991999999999997	0.9830800000000002
-0.19648800000000002	-0.010131999999999999	0.978668
-0.19968799999999998	-0.013567999999999998	0.9746839999999999
-0.20726	-0.015743999999999994	0.978972
-0.3341720000000001	-0.009888000000000001	0.938776
-0.332416	-0.010167999999999996	0.9411080000000002
-0.351912	-0.0016040000000000004	0.9449239999999998
-0.333416	-0.012107999999999999	0.9391720000000001
-0.32757200000000003	-0.011699999999999997	0.9467040000000001
-0.38436	-0.008812	0.9224480000000002
-0.38712800000000014	-0.010899999999999998	0.9150399999999999
-0.3821080000000002	-0.010215999999999998	0.9263239999999999
-0.38674800000000004	-0.011931999999999998	0.9215479999999999
-0.3881360000000001	-0.011740000000000002	0.9226719999999999
-0.3869760000000001	-0.009211999999999998	0.9171319999999998
-0.387088	-0.009687999999999997	0.916964
-0.532076	-0.012231999999999991	0.8353559999999999
-0.5261840000000002	-0.002232	0.8414640000000001
-0.531492	-0.008771999999999997	0.838108
-0.530652	-0.0027960000000000003	0.84552
-0.5269600000000001	-0.006444	0.8417000000000001
-0.64244	0.0012879999999999996	0.7608
-0.646812	-0.001076	0.7483680000000001
-0.651364	0.00192	0.7631519999999999
-0.6516	-0.0034480000000000005	0.7464480000000002
-0.651104	-0.0008799999999999999	0.75664
-0.6503120000000001	-0.00064	0.752004
-0.7283240000000001	-0.005384	0.686188
-0.7216680000000001	-0.0025760000000000006	0.685064
-0.7311399999999999	-0.0050880000000000005	0.6879520000000001
-0.727696	-0.0015159999999999998	0.681372
-0.8132080000000002	-9.199999999999976e-05	0.5803480000000001
-0.8143960000000001	-0.00031200000000000005	0.5759159999999999
-0.8130480000000001	0.002640000000000001	0.5775720000000001
-0.8161280000000001	-0.002304	0.563844
-0.8135680000000001	0.0008640000000000003	0.5686000000000001
-0.877424	0.004868	0.47897199999999984
-0.875608	0.00402	0.48272399999999993
-0.8811079999999998	0.00394	0.47476
-0.8782520000000001	0.0019920000000000003	0.469632
-0.8777720000000001	0.0005080000000000002	0.46489199999999997
-0.9628519999999999	0.014028	0.271356
-0.9617279999999999	0.004376	0.252032
-0.9637080000000001	0.008752	0.2564119999999999
-0.9663959999999997	0.008415999999999998	0.26148799999999994
-0.9622640000000001	0.008027999999999999	0.25776000000000004
-1.0014360000000002	0.009231999999999999	0.0072239999999999995
-0.9988800000000002	0.009496	0.001224
-0.999584	0.008971999999999997	0.0034840000000000006
-1.0008920000000001	0.008656	0.003044
-1.0024840000000004	0.006284	0.0014480000000000005
-0.9574280000000001	0.011675999999999995	-0.31259200000000004
-0.9564119999999998	0.009631999999999998	-0.3237479999999999
-0.9565240000000002	0.010699999999999998	-0.3248479999999999
-0.9542640000000001	0.010651999999999997	-0.326188
-0.982968	-5.599999999999925e-05	-0.34401600000000004
-0.9542959999999999	0.011459999999999996	-0.32425600000000004
-0.9097719999999999	0.005912	-0.44231200000000004
-0.9075559999999997	0.007103999999999998	-0.442532
-0.9085519999999998	0.008012	-0.44402
-0.9076960000000001	0.005388	-0.44423999999999986
-0.8343880000000001	0.006408	-0.5747240000000001
-0.8326800000000002	0.012799999999999999	-0.5786559999999998
-0.8376879999999999	0.006599999999999999	-0.578128
-0.8340239999999999	0.008447999999999999	-0.5802960000000001
-0.82868	0.01192	-0.576604
-0.7400719999999998	0.012763999999999992	-0.69282
-0.7403320000000001	0.006408	-0.700044
-0.745556	0.008487999999999999	-0.6994079999999999
-0.745032	0.003084000000000001	-0.6960360000000001
-0.7397680000000001	0.010464	-0.6983640000000001
-0.749692	0.0057399999999999994	-0.694912
-0.6389319999999999	0.006604	-0.803168
-0.638164	0.007263999999999997	-0.7985519999999998
-0.6397039999999999	0.008151999999999998	-0.7973440000000003
-0.6439999999999999	0.004064000000000001	-0.8028520000000001
-0.647132	-0.0007839999999999996	-0.804196
-0.6397400000000002	0.0047480000000000005	-0.798728
-0.550168	0.005084000000000001	-0.86844
-0.5450999999999999	0.009979999999999996	-0.8663439999999999
-0.5489999999999999	0.006639999999999999	-0.8670640000000001
-0.5515160000000001	-0.0026319999999999994	-0.8631439999999999
-0.41413999999999995	0.005416	-0.9475799999999999
-0.40901600000000005	-0.0013680000000000003	-0.9462560000000002
-0.410032	0.000836	-0.9413279999999997
-0.411836	0.000712	-0.9467119999999999
-0.412764	0.0012480000000000002	-0.9443160000000002
-0.26387199999999994	-0.0013400000000000003	-0.991092
-0.26525599999999994	6.400000000000027e-05	-0.9912439999999999
-0.260856	0.0010199999999999999	-0.998184
-0.25692	0.003903999999999999	-0.996572
-0.10206799999999998	-0.0036160000000000003	-1.028756
-0.09442	-0.003124	-1.0281759999999998
-0.099436	-0.002912	-1.0331160000000001
-0.09414	-0.003804	-1.029556
-0.10392	-0.004508000000000001	-1.027028
-0.10543199999999997	-0.0036160000000000003	-1.0314079999999999
0.054088	-0.0045320000000000004	-1.0294199999999998
0.052627999999999994	-0.009831999999999997	-1.031548
0.05005999999999999	-0.007147999999999999	-1.028916
0.06056799999999999	-0.012071999999999998	-1.0324040000000003
0.06201999999999999	-0.0030679999999999995	-1.0322479999999998
0.9744760000000002	-0.23281600000000002	-0.0637
0.9740719999999999	-0.232892	-0.06773599999999998
0.9732759999999998	-0.2322	-0.064824
0.976668	-0.231032	-0.06978399999999998
0.979296	-0.232612	-0.074508
0.8995360000000001	-0.4490239999999999	-0.0335
0.898296	-0.457584	-0.033907999999999994
0.8992399999999999	-0.45810399999999996	-0.035028000000000004
0.8928720000000001	-0.457136	-0.035172
0.9015719999999997	-0.45727599999999996	-0.038591999999999994
0.8205039999999998	-0.5860080000000001	-0.008935999999999998
0.8255720000000001	-0.583556	-0.008216
0.8256039999999999	-0.5829680000000002	-0.010707999999999995
0.822316	-0.58112	-0.007228
0.826476	-0.5809159999999999	-0.007091999999999999
0.7555080000000003	-0.674264	-0.003256
0.7512719999999998	-0.67254	0.0003160000000000001
0.759508	-0.6681	-0.007652
0.7575800000000001	-0.6716159999999999	-0.0017680000000000005
0.7587879999999998	-0.6689519999999999	-0.0032640000000000004
0.719216	-0.717008	-0.006096000000000001
0.7150759999999999	-0.7173999999999999	-0.007187999999999999
0.7166439999999998	-0.7142840000000001	-0.005288
0.71774	-0.71652	-0.005376000000000001
0.7212879999999999	-0.7143719999999999	-0.006031999999999999
0.7149840000000001	-0.715524	-0.005076000000000001
0.6291159999999999	-0.7948719999999999	-0.006900000000000001
0.6292719999999999	-0.79522	-0.008936
0.6341359999999999	-0.7916399999999999	-0.008847999999999998
0.636644	-0.7924840000000001	-0.007828
0.637184	-0.790896	-0.010131999999999999
0.534424	-0.8640399999999999	-0.010696
0.5356000000000001	-0.864792	-0.016375999999999998
0.5324120000000001	-0.8667040000000001	-0.005792
0.5325400000000001	-0.8658440000000001	-0.008179999999999998
0.5404239999999999	-0.8695440000000001	-0.010504
0.5253719999999998	-0.8621479999999999	-0.0003720000000000001
0.5364479999999999	-0.8633680000000001	-0.011292
0.4477320000000001	-0.9140999999999999	-0.0066
0.44458800000000004	-0.91594	-0.005696000000000001
0.444076	-0.916844	-0.010267999999999998
0.443068	-0.914248	-0.0059640000000000006
0.44632800000000006	-0.9161159999999998	-0.005840000000000001
0.28451600000000005	-0.9800760000000001	-0.008027999999999997
0.277656	-0.979484	-0.001104
0.27941599999999994	-0.97954	-0.004904
0.281868	-0.9787680000000001	-0.00532
0.279336	-0.9811799999999999	-0.004028
0.11483999999999998	-1.0147960000000003	-0.0018880000000000001
0.114916	-1.015044	-0.0005840000000000003
0.114432	-1.015288	-0.0023480000000000003
0.12023199999999999	-1.0159280000000004	-0.009019999999999999
0.11791599999999999	-1.0149240000000002	-0.005496
-0.0003120000000000008	-1.0205719999999998	-0.008495999999999998
-0.007651999999999999	-1.0211279999999998	-0.003648
-0.006	-1.0221799999999999	-0.00596
-0.0031440000000000005	-1.0217559999999999	-0.010804000000000001
0.004892	-1.026676	-0.019592000000000002
-0.11132799999999998	-1.0152920000000003	-0.02136
-0.10878000000000002	-1.0172080000000001	-0.011623999999999999
-0.10775199999999999	-1.016116	-0.010159999999999997
-0.108888	-1.014236	-0.0037160000000000006
-0.10565599999999999	-1.015916	-0.01248
0.938528	0.09408	-0.05306399999999999
0.9786920000000002	0.13822399999999996	-0.05725199999999999
0.9830359999999999	0.13767199999999996	-0.056195999999999996
0.9798280000000001	0.134908	-0.05612799999999999
0.986536	0.13699999999999998	-0.060235999999999984
0.9315400000000001	0.339688	-0.06805200000000002
0.9296639999999998	0.34110799999999997	-0.06646
0.927556	0.34078	-0.06481200000000001
0.928088	0.3371439999999999	-0.06294
0.928708	0.3310320000000001	-0.06509999999999999
0.9192160000000001	0.36111599999999994	-0.055436000000000006
0.9212719999999998	0.36233999999999994	-0.05256799999999999
0.923636	0.3575440000000001	-0.06073600000000002
0.9242079999999998	0.355676	-0.049551999999999985
0.92336	0.356428	-0.057388000000000015
0.864468	0.4725800000000001	-0.05072400000000001
0.8668680000000001	0.473408	-0.051952000000000005
0.8659079999999999	0.4742720000000001	-0.050624
0.8683360000000002	0.47414000000000006	-0.05025600000000001
0.869304	0.46786799999999995	-0.054063999999999994
0.7972119999999999	0.5768880000000001	-0.049084
0.7987239999999999	0.579292	-0.047328
0.7987960000000001	0.5808	-0.04799200000000001
0.8005559999999998	0.5731679999999999	-0.04896
0.799932	0.5790160000000001	-0.05228000000000001
0.711956	0.695932	-0.04958
0.7071639999999999	0.68632	-0.050256000000000016
0.7072240000000001	0.6835800000000001	-0.04967999999999999
0.7084079999999999	0.6857319999999999	-0.049400000000000006
0.7082519999999998	0.6828400000000001	-0.044204000000000014
0.594112	0.7854639999999997	-0.036732
0.5952160000000002	0.7819800000000001	-0.036244
0.5965039999999999	0.784196	-0.04079600000000001
0.596644	0.7828719999999998	-0.036812000000000004
0.5990599999999999	0.7820920000000001	-0.036688
0.4830839999999999	0.8562880000000002	-0.03728
0.4855639999999999	0.85418	-0.032968
0.48695599999999994	0.851632	-0.03484399999999999
0.48845999999999995	0.8536519999999999	-0.031760000000000004
0.4878	0.8526880000000001	-0.03454
0.28334000000000004	0.9338879999999999	-0.027943999999999997
0.284792	0.9403520000000001	-0.03634799999999999
0.28513999999999995	0.9410759999999999	-0.035308
0.286168	0.9369880000000002	-0.03194
0.28493999999999997	0.9396240000000001	-0.035088
0.03837999999999999	0.976592	-0.021419999999999998
0.034668	0.9779079999999998	-0.023320000000000004
0.033943999999999995	0.981776	-0.024407999999999996
0.032556	0.9791359999999998	-0.025667999999999996
0.034508000000000004	0.9771120000000002	-0.022695999999999997
-0.14936400000000002	0.976096	-0.021720000000000003
-0.144988	0.9728680000000002	-0.015143999999999998
-0.14506	0.9698120000000001	-0.021192000000000006
-0.14186400000000002	0.96946	-0.02256799999999999
-0.14523599999999998	0.971852	-0.023431999999999994
-0.32071600000000006	0.9265199999999999	-0.017147999999999997
-0.33052800000000004	0.9264279999999999	-0.016843999999999998
-0.32937600000000006	0.9232	-0.019499999999999997
-0.32745599999999997	0.9241800000000001	-0.019084
-0.32633600000000007	0.9262519999999997	-0.014568000000000001
-0.44320399999999993	0.8827559999999997	-0.008983999999999999
-0.4444319999999999	0.874892	-0.014335999999999993
-0.44926400000000016	0.881928	-0.007916000000000001
-0.779396	0.613736	-0.014307999999999998
-0.777012	0.60958	-0.019884000000000002
-0.7773079999999999	0.6118880000000001	-0.016059999999999998
-0.7798440000000001	0.6120680000000001	-0.014068
-0.7774800000000001	0.608412	-0.017207999999999998
-0.9331200000000002	0.33292799999999995	0.012235999999999999
-0.9366439999999997	0.33085600000000004	0.015151999999999997
-0.940488	0.3292360000000001	0.017651999999999998
-0.940484	0.3275679999999999	0.015291999999999995
-0.935244	0.328832	0.014887999999999998
-0.976904	0.18570399999999998	0.013339999999999996
-0.9809800000000003	0.17772799999999997	0.011519999999999996
-0.983868	0.17966400000000005	0.013999999999999997
-0.978516	0.17947200000000002	0.013364000000000001
-0.9788080000000002	0.18003600000000003	0.013595999999999999
-0.9967360000000001	-0.084076	0.011035999999999999
-1.00258	-0.09359999999999999	0.017364
-0.9964039999999998	-0.09094399999999998	0.011675999999999997
-0.9763240000000001	-0.11008	-0.0025320000000000004
-1.0003520000000001	-0.092864	0.012699999999999998
-0.9054680000000002	-0.4461959999999999	0.021112
-0.905344	-0.449896	0.021319999999999995
-0.9056119999999999	-0.44721599999999995	0.021359999999999997
-0.9037999999999998	-0.44861599999999996	0.020444
-0.9456199999999997	-0.4682839999999999	0.051868
-0.8220400000000001	-0.594756	0.012267999999999996
-0.8208679999999999	-0.5931919999999999	0.010447999999999997
-0.81916	-0.590776	0.010559999999999998
-0.8224040000000001	-0.5942639999999999	0.012595999999999996
-0.8199040000000002	-0.590632	0.010955999999999997
-0.8229039999999999	-0.59372	0.008792000000000001
-0.7730519999999999	-0.657204	-0.00032
-0.7687920000000001	-0.646836	-0.015352000000000008
-0.7739799999999998	-0.6542600000000001	0.009551999999999998
-0.7764440000000001	-0.653904	0.00746
-0.7746159999999999	-0.6537120000000001	0.006912000000000001
-0.7771239999999999	-0.65382	0.009479999999999997
-0.7746560000000001	-0.652748	0.008863999999999997
-0.7746840000000002	-0.6506639999999999	0.004784
-0.681524	-0.756448	0.004008
-0.688804	-0.7469	0.001908
-0.620844	-0.8080800000000002	-0.006348
-0.6221720000000001	-0.8145199999999998	-0.004928000000000001
-0.616272	-0.7977319999999998	-0.0029760000000000003
-0.618268	-0.8077319999999999	-0.0064
-0.6185120000000001	-0.8109840000000001	-0.0072279999999999974
-0.47787999999999997	-0.899668	-0.00452
-0.47204400000000013	-0.8988759999999999	-0.0008039999999999997
-0.4721720000000002	-0.9035920000000001	-0.0016440000000000005
-0.47249999999999986	-0.9030119999999999	-0.0016759999999999998
-0.47099599999999986	-0.90144	-1.5999999999999765e-05
-0.33806	-0.959396	0.004304000000000001
-0.3353920000000001	-0.9655119999999999	0.009632
-0.368132	-0.952852	0.0008039999999999997
-0.369884	-0.953588	-0.001468
-0.37087599999999993	-0.952464	-0.0006599999999999999
-0.24746800000000005	-0.9904239999999999	0.010759999999999999
-0.250236	-0.9878039999999999	0.012931999999999999
-0.26546400000000003	-0.9841600000000003	0.01248
-0.27691200000000005	-0.9810280000000001	0.013687999999999999
-0.28157199999999993	-0.9823639999999999	0.010988
0.035804	-1.02214	-0.00458
0.05507200000000001	-1.0213160000000001	-0.0061920000000000005
0.052532	-1.02062	-0.006711999999999999
0.056743999999999996	-1.0178280000000002	-0.0051719999999999995
0.049787999999999985	-1.020876	-0.015148
0.06314000000000002	0.9797119999999999	-0.013776
0.062288	0.979296	-0.012747999999999997
0.0602	0.978596	-0.011763999999999997
0.06175600000000001	0.9771880000000003	-0.011436
0.062388000000000006	0.982208	-0.013831999999999997
-0.16531599999999996	0.965712	-0.012067999999999999
-0.17775600000000005	0.9612480000000001	-0.012203999999999998
-0.1759	0.967368	-0.013851999999999996
-0.17662000000000003	0.9663280000000002	-0.012092
-0.179512	0.965356	-0.013119999999999998
-0.310068	0.933336	-0.012831999999999994
-0.314376	0.9300040000000002	-0.011123999999999998
-0.31413199999999997	0.9313360000000002	-0.015999999999999993
-0.316816	0.9315480000000003	-0.016555999999999998
-0.319844	0.9281119999999998	-0.012531999999999996
-0.441376	0.8828239999999999	-0.020392
-0.44760400000000006	0.8747600000000001	-0.016116000000000002
-0.44770799999999994	0.8742800000000002	-0.017288
-0.4488320000000001	0.8770640000000001	-0.01878
-0.533456	0.8257959999999999	-0.023263999999999996
-0.536088	0.8226760000000002	-0.022188
-0.5482040000000001	0.8244520000000002	-0.023532
-0.545108	0.822888	-0.02328
-0.64398	0.744848	-0.023560000000000008
-0.6553440000000001	0.740044	-0.021915999999999998
-0.652508	0.7420879999999999	-0.023452
-0.6524839999999998	0.7427320000000002	-0.026128
-0.653072	0.7418	-0.024107999999999997
-0.7484879999999999	0.6442919999999998	-0.026388
-0.75268	0.6433	-0.029220000000000003
-0.74956	0.6403	-0.026807999999999995
-0.7527119999999999	0.6394280000000001	-0.026548
-0.7534120000000003	0.6415680000000001	-0.026263999999999996
-0.8239879999999999	0.545208	-0.021020000000000004
-0.82726	0.54862	-0.023276000000000005
-0.8275200000000001	0.5496639999999998	-0.024996
-0.823284	0.54742	-0.021948
-0.8245080000000002	0.548496	-0.024383999999999996
-0.8894120000000002	0.4351720000000001	-0.027587999999999998
-0.895316	0.43613599999999997	-0.027732
-0.89274	0.43324399999999996	-0.028768000000000005
-0.892188	0.4348999999999999	-0.027576
-0.8916799999999999	0.43459199999999987	-0.028276000000000003
-0.9493079999999999	0.2982039999999999	-0.027131999999999996
-0.9503479999999997	0.291464	-0.027087999999999997
-0.9484919999999997	0.290668	-0.026967999999999992
-0.9521679999999999	0.29291599999999995	-0.026752
-0.9508119999999998	0.291708	-0.028319999999999994
-0.9945919999999999	0.09327600000000003	-0.034527999999999996
-0.9947840000000001	0.091748	-0.032684
-0.9942319999999998	0.091772	-0.0343
-0.9937919999999998	0.09241999999999999	-0.032836000000000004
-0.9980319999999999	0.09104000000000001	-0.03408400000000001
-1.0025640000000005	-0.029288	-0.032568
-1.00322	-0.033124	-0.032071999999999996
-1.0013880000000002	-0.029904	-0.030871999999999997
-1.001052	-0.030572	-0.030772
-1.002656	-0.02894	-0.031812
-0.9835759999999999	-0.21116799999999997	-0.036052
-0.9815240000000002	-0.21766399999999997	-0.034664
-0.9826480000000002	-0.21809599999999998	-0.03442399999999999
-0.9835040000000003	-0.21767599999999998	-0.034392
-0.9828920000000001	-0.21226000000000003	-0.03433200000000001
-0.930104	-0.39153600000000005	-0.03968800000000001
-0.929276	-0.39186	-0.036236000000000004
-0.9325359999999998	-0.39378	-0.04124800000000001
-0.9273920000000001	-0.3930120000000001	-0.040076
-0.926708	-0.39122400000000007	-0.037292000000000006
-0.843984	-0.5433919999999999	-0.03692399999999999
-0.849148	-0.5457360000000001	-0.039979999999999995
-0.8511200000000001	-0.546568	-0.042556
-0.8514079999999999	-0.5448040000000001	-0.04668400000000001
-0.85438	-0.547468	-0.04805199999999999
-0.7133760000000001	-0.7228359999999999	-0.037891999999999995
-0.7120759999999997	-0.7214800000000001	-0.038772
-0.714216	-0.7233320000000001	-0.038948
-0.714256	-0.722856	-0.038612
-0.7144759999999999	-0.721076	-0.03886800000000001
-0.5756840000000001	-0.8370920000000001	-0.043008000000000005
-0.5718759999999999	-0.8414840000000002	-0.037264000000000005
-0.57346	-0.842564	-0.03995600000000001
-0.572932	-0.8416319999999999	-0.043008
-0.574276	-0.841168	-0.03959999999999999
-0.46557200000000004	-0.904996	-0.04668
-0.4701000000000001	-0.9052519999999998	-0.04392
-0.47255599999999987	-0.9046039999999997	-0.049572000000000005
-0.475848	-0.9029719999999999	-0.045315999999999995
-0.479004	-0.901452	-0.039028
-0.42213200000000006	-0.9316720000000001	-0.043991999999999996
-0.41718399999999994	-0.9296999999999999	-0.045268
-0.420256	-0.928092	-0.044248
-0.41961200000000004	-0.9282039999999998	-0.043048
-0.42316399999999993	-0.926876	-0.040864000000000004
0.264912	0.8613759999999999	-0.0024
0.2929400000000001	0.9372879999999999	-0.00102
0.290724	0.937892	-0.003924
0.28934000000000004	0.9349199999999999	-0.002196
0.292476	0.9364919999999999	-0.0007040000000000002
0.42215199999999986	0.8860159999999999	0.006751999999999999
0.42650800000000005	0.88702	0.00634
0.421484	0.886352	0.0041400000000000005
0.4227319999999999	0.8889920000000001	0.005156000000000001
0.41840399999999994	0.8860239999999999	0.007199999999999999
0.58032	0.7947800000000003	-0.0010119999999999997
0.5790959999999999	0.794288	-0.0026520000000000003
0.576992	0.7953399999999998	-0.00021199999999999998
0.573804	0.7926480000000001	8.000000000000021e-05
0.575644	0.794988	-0.00196
0.6745599999999999	0.7158439999999999	-0.005852
0.6733119999999999	0.7157800000000002	-0.006143999999999999
0.67348	0.7168719999999997	-0.005931999999999998
0.6746160000000002	0.7188519999999999	-0.007655999999999999
0.674668	0.7187840000000001	-0.008343999999999999
0.774472	0.613436	-0.014699999999999993
0.7726000000000002	0.6074520000000001	-0.010719999999999999
0.7741919999999998	0.6099159999999999	-0.010144
0.7755679999999999	0.6079640000000001	-0.011559999999999999
0.7726880000000003	0.608336	-0.012367999999999997
0.8580880000000001	0.4940400000000001	-0.015767999999999997
0.8570119999999999	0.48942399999999997	-0.017507999999999996
0.8571479999999998	0.489728	-0.017332
0.8549840000000002	0.48884399999999983	-0.016428
0.8556520000000002	0.4900799999999999	-0.01824
0.8574440000000003	0.489908	-0.017568
0.9433479999999999	0.299352	-0.018556000000000003
0.9452079999999998	0.30027600000000004	-0.020152
0.9445999999999998	0.300916	-0.016684000000000004
0.9461720000000001	0.30334800000000006	-0.017323999999999996
0.943968	0.30121600000000004	-0.018663999999999997
0.9892040000000002	0.105172	-0.010719999999999999
0.9895920000000001	0.10267999999999997	-0.016168
0.98826	0.10086800000000001	-0.015375999999999996
0.988004	0.10466800000000001	-0.013187999999999995
0.992056	0.103064	-0.018187999999999996
0.9901439999999998	-0.14228800000000003	-0.004972000000000001
0.9892080000000003	-0.13939200000000002	-0.0036640000000000006
0.9879119999999998	-0.14274	-0.006124000000000001
0.9886639999999999	-0.143888	-0.007423999999999998
0.9895680000000001	-0.14196400000000003	-0.009388
0.950816	-0.32667999999999997	-0.0018200000000000002
0.9477599999999998	-0.327556	-0.003948
0.9498439999999998	-0.330904	-0.0034000000000000002
0.94772	-0.3287840000000001	-0.0033800000000000006
0.9472560000000001	-0.329024	-0.0024120000000000005
0.870996	-0.504692	0.002048
0.872296	-0.505376	0.0036160000000000003
0.870824	-0.506588	0.005128000000000001
0.8716360000000001	-0.507908	0.003044
0.871548	-0.507188	0.003256
0.75434	-0.6713560000000001	0.001084
0.7497399999999999	-0.6792720000000001	0.00019999999999999987
0.751336	-0.6777	0.003396
0.750464	-0.6796200000000002	-0.000368
0.7508360000000001	-0.6801400000000001	0.00017199999999999987
0.6003879999999999	-0.822112	-0.005327999999999999
0.598228	-0.8235919999999999	-0.004536000000000001
0.5983959999999999	-0.8228519999999999	-0.003480000000000001
0.597612	-0.8200799999999999	-0.00408
0.44441600000000003	-0.917068	-0.004124
0.44458000000000003	-0.9169359999999999	-0.0052239999999999995
0.446764	-0.9163440000000003	-0.006472
0.444916	-0.915132	-0.005056000000000001
0.4474480000000001	-0.9154399999999999	-0.00656
0.31782	-0.968544	-0.006392
0.319164	-0.969828	-0.006919999999999998
0.32366799999999996	-0.9668920000000001	-0.004568
0.324912	-0.9666479999999998	-0.004876000000000001
0.14585199999999998	-1.012328	-0.005180000000000001
0.13923600000000003	-1.011012	-0.010939999999999998
0.13937999999999998	-1.010428	-0.008615999999999999
0.13715599999999997	-1.0132639999999997	-0.009195999999999998
0.13585200000000003	-1.016988	-0.009276
0.08064800000000004	-1.013616	-0.016128000000000003
0.07768800000000001	-1.0169239999999995	-0.018392000000000002
0.07734000000000002	-1.022328	-0.01694
0.07773599999999999	-1.018568	-0.018983999999999997
0.080472	-1.0181919999999998	-0.020144000000000002
-0.08519199999999999	-1.0180200000000001	-0.017344000000000002
-0.0858	-1.0211480000000002	-0.017168
-0.08731600000000002	-1.019304	-0.015891999999999996
-0.08722399999999998	-1.0162879999999996	-0.01856
-0.08462799999999998	-1.015896	-0.018192
